19600101	20211201		744	21
ID	NODATA_VALUE	南雄	连州	韶关	佛冈	高要	广州	河源	惠阳	紫金	汕头	惠来	南澳	信宜	罗定	台山	中山	深圳	阳江	电白	上川岛	徐闻
1	-9999	19.3	25.9	27.1	35.7	24.4	27.2	21.8	13.2	15.2	7.5	4.8	3.8	25.4	33.3	37.6	38.5	26.6	41	45.1	33.8	8
2	-9999	1.4	9	0.7	2.8	6.3	5.4	1.8	1.9	1	21.4	9.4	8.7	1.6	3.8	4.9	0.5	0.3	4.7	3	7.1	6.2
3	-9999	206.3	241.2	236	292	101.4	68.3	226.2	105	144.2	103.3	121.5	86.9	102	55.1	76.7	64.5	97.8	105.5	63.3	86.1	23.7
4	-9999	107	104.4	134.7	275	43.8	112.6	213.9	79.9	112.4	109.9	61	113.7	53.4	38.4	22.7	41.2	29.3	90.8	28.1	81.3	8.9
5	-9999	340	385.4	398.2	567.4	240.4	148.2	340.3	439	340.4	530.6	358.6	289.3	110.9	183.3	294.2	375.3	407.3	154.9	83	223.8	88
6	-9999	267	124.4	182.5	245.9	177.3	179.2	271.1	381.8	375.2	381.6	361.1	279.2	196	123.2	265.5	391.7	562.4	345.2	72.3	292	549.8
7	-9999	39.9	158	83.3	107	301	117	108.4	91	157.5	79.2	132.5	55.9	204.1	222.5	179.6	111.5	119.3	201.1	214.8	106	68.6
8	-9999	248.1	243.9	169.7	275.8	540.7	540.4	571.3	559.3	528.6	431.6	564.5	593.6	356	248.3	649.8	452.1	479.8	656.4	510.4	481.5	324.2
9	-9999	116.5	64	105.9	254	161.8	130.7	147.6	160.8	106.5	152.1	134.7	146.6	164.1	244.6	237	223.6	404.7	340.3	301	397.5	208.3
10	-9999	56.4	57.4	46.1	55.8	26.9	15.3	28.1	12.2	25.1	7.5	12	6.8	68.2	58	21	40.9	9.5	43.5	126.2	99.3	241.6
11	-9999	41.5	79.9	34.5	35.5	42.8	48.2	43.4	95.9	62	62.8	49.8	57.7	80.7	95.8	62.6	60.1	136.7	42.3	19.6	53.2	38.9
12	-9999	28.9	55.2	35.7	25.2	19.4	18.2	24.5	11.8	15	4.2	2.4	6.7	21.4	10.2	13.9	20	14.8	23.4	17.3	15.5	4.5
13	-9999	25.4	19.1	18.4	28.6	12.1	12.5	29.5	7.4	17	8.7	8.3	9.6	4.6	7.4	10	12.1	3.9	10.8	5.2	9	7.3
14	-9999	84.6	79.6	71.8	92.4	81.5	82	90.7	74.1	74.6	53.8	54.4	40.8	62.3	92.1	62.2	72.9	51.6	96.9	74.4	101.5	45.5
15	-9999	215.7	171.7	189.4	146.3	42.2	75.6	179.9	62.7	182.6	81.8	79.3	93.7	57	32.2	79.6	62.4	51.3	107.8	46.2	111.8	57.9
16	-9999	267.4	232.6	298.6	398.8	409.2	386.7	274.1	394.1	261.3	240.4	350.1	207.6	438.7	357.7	347.8	485.7	453.4	345.2	131	365.1	63.5
17	-9999	145.1	244	161.6	197.4	123.8	134.6	194.1	259.9	329.6	196.6	237.4	124.4	99.1	73.6	126.4	240.8	186.6	65.1	14.7	84	170.5
18	-9999	298.2	430	302.6	335.3	192.9	99.1	174.9	179.3	169.1	61.4	73.9	41.6	501	189.1	158.8	294.3	94.3	172.1	159.4	227.8	58.8
19	-9999	133.7	189.1	128	678.4	232.1	459.5	354.4	351.2	221.2	144.6	369.9	172	165	244.8	460.2	384.2	342.4	237.6	139.5	409.4	207.8
20	-9999	300.5	344.3	196.8	292.6	344.9	242.2	260.6	244.4	297	364.6	518.1	557.1	237.8	229.5	251.5	161.9	420.3	305.8	113.8	358.1	85.3
21	-9999	321.7	291.6	221.8	407.6	505.9	532.3	468.4	568.3	425	550.3	725.3	666.2	336.1	183.7	472	377	454.2	492.1	149.3	476.1	290.3
22	-9999	5.9	29.9	10.9	5	4.7	10.4	0.1	9.3	3.2	1.9	2.5	0.2	4.1	13.5	47	11.7	30.3	4.3	119.6	207.6	43.6
23	-9999	156.3	92.8	108.2	149.9	75.9	109.7	144.3	53.8	92.8	79.3	98.8	68.8	113.2	64	47.4	49.9	68.7	92.5	38.1	88.6	47.2
24	-9999	65.2	113.2	87.4	38	34.8	37.1	37.1	20.6	29.1	27.5	17.4	28.3	28.4	47.1	11.2	15.3	14.4	13.1	18.7	11.7	18.1
25	-9999	2.5	6.6	2.9	7.7	11.1	9.9	7.5	20.1	7	2.2	4.7	1.5	6	10.3	5.6	11.5	9	7	4.5	8	1.5
26	-9999	12.2	21.5	8.7	16.4	21.8	52.4	71.7	60.9	78.4	55.8	54.8	41.4	16.4	18.4	60.3	95.1	90	44.7	56.2	68.6	41.3
27	-9999	109.3	111	73.4	75.4	38.6	72.6	81.7	54.8	55.6	35.1	75.6	50.3	17.4	28.3	35.9	26.2	21	30.8	24.4	21.7	6.1
28	-9999	263.6	267.4	248.7	124.4	95.3	124.2	138.3	91	115.9	85.6	72.5	63.2	67.6	69.4	56.8	82.1	48.2	114.5	74.7	125.3	126.7
29	-9999	355.3	416.3	325.9	944.6	248.8	425	515.9	324.2	278.1	166.2	237.4	117	360.4	204.5	320.2	144.3	255.9	186.8	386.7	220.4	11.9
30	-9999	437.6	572.5	588.9	440.4	372.4	330	535.1	330.5	343.6	250.7	333.2	130.6	371.1	274.1	340.6	257.7	380.5	615.6	353.8	381.2	165.6
31	-9999	36.9	46.1	120.5	179.8	189.6	125.2	108.7	117	54	86.6	103.1	77.9	110.2	104.4	113.1	85.3	149.8	77.4	72.3	91.1	163.5
32	-9999	47.6	82.1	90.6	108.4	166.9	52.4	138.7	158.7	184	27.4	61.8	70.6	124.2	172.8	100.5	191.9	198.9	241.4	193.2	100.4	318.3
33	-9999	107.4	109.5	98.6	185.5	244.2	182.8	150	263.1	235.2	265.1	384	173.5	148.7	205.5	251.9	236.5	345.6	229.6	291.7	428	251.8
34	-9999	82.2	90.8	93.6	112.7	19	70.6	92.6	95.8	27	49	87.3	107	54.8	25.3	28.3	27.5	61.6	17.4	70.8	59.7	27.7
35	-9999	57.4	87.1	82.5	71.2	106.3	76.4	42	25.4	31.4	24.2	22.8	8.8	66.2	128.4	70.6	64.1	23.2	112.8	52.4	24.6	10.4
36	-9999	2.3	3.4	1.1	1.3	2.8	0.1	0.4	1.1	1.5	5.5	1.1	0.5	1.7	0.1	1.2	2.1	1.6	1.5	2	0.5	1.8
37	-9999	7.2	8.2	5.7	12.1	8.2	9.2	12.4	7.7	8.8	2.4	4.6	2.1	12	9.2	12.1	13.1	11.6	12.8	2.6	4	7.4
38	-9999	81.7	93.8	79.9	67.1	23.7	9.8	18.7	4	8.6	3.8	8	6.7	18.2	35.6	5.3	4.9	2.1	8.1	1.8	2.7	2.8
39	-9999	101.3	114.2	115.7	51.9	22.2	38.3	39	23.6	39.4	22.1	16.9	20.6	33	38.6	28.5	24.3	14.4	13.6	37.4	9.5	47.2
40	-9999	156.6	92	60.1	108.1	11.7	6.9	7.4	2.8	6.4	15.8	32.4	10.4	46.6	14.9	2.6	7.9	14.3	21.5	52.4	19.1	26
41	-9999	59.7	85	55	72.9	71.4	33.5	48.7	4.8	24.4	30.5	5.4	39.3	121.7	101.6	59.5	51.5	24.7	55.9	58.7	34.4	50
42	-9999	147.2	95.4	208.3	313.7	187.9	405.4	335.1	156.6	260.2	408.3	384.6	255.6	80.4	216	232.9	174.9	167	293.4	275	263.6	177.3
43	-9999	67	71.5	109.8	199.2	381.2	321.1	138.3	208.9	253.9	318.3	275.4	327.7	343.2	197.8	429.9	306	293.8	411	237	513.3	246
44	-9999	16.7	45.7	73.5	61.4	185.8	181.3	115.9	92.9	43.4	99.8	65.4	35.3	123.9	154.6	115.6	100.3	145.6	251.2	162.6	110.5	303.3
45	-9999	207.8	60.1	64.2	125.2	85.2	130	97.4	134.5	146.5	99.3	66	141.4	196.1	140.7	302.3	269.2	148.8	260.6	186.2	181.2	226.6
46	-9999	39.9	48.2	41.8	152.6	51.9	119.9	41.8	39	32.6	13.4	109.6	12.4	41.4	64.8	35.3	32	39.2	17.1	14.9	43.3	19.8
47	-9999	155.8	148.3	135	170.9	65.1	79.3	63.9	34.5	101.8	24.5	15.9	40	29.9	60.1	33.8	52	64.6	15.8	17.5	38.8	194.8
48	-9999	61.7	66.6	55.5	27.1	19	5.8	9.8	11.8	9.9	10.3	22.9	9.4	11.5	40.2	20.7	25.6	1.2	60.7	6.8	11.5	69.6
49	-9999	185.6	143.1	174.6	182.1	44.7	91.6	151.7	105.3	119.6	53.7	63.9	47.8	55.7	48.6	97.7	95.3	88	103.4	64.6	49.8	18.6
50	-9999	97.3	71.1	84.1	63.1	19.7	15.9	44.7	12.9	17	17.7	10.3	11.5	4.9	22.8	14.2	24.1	12.8	18.5	10.8	8.2	6.2
51	-9999	140.6	148.5	104.2	115.6	79.1	121.3	82.6	145.6	92.4	42.9	26.9	51.9	80.1	29.3	49.4	102.6	118.7	60.7	28.9	25.9	7.8
52	-9999	194.9	279.2	188	210.3	109.9	66.4	55.3	80.5	62	2.8	1.3	0.3	113	131.7	125.8	32	4.3	45	30.1	3.1	3.6
53	-9999	244.6	112.6	190.3	233.3	309.7	328.5	317.6	313.5	295.2	256.3	166.8	136.7	106.4	85.2	318.7	429.3	351.3	181.5	51.9	354.3	89.8
54	-9999	471.2	298.7	386.4	550.6	214.3	196.1	484.5	411.7	354.2	294	301.6	325.2	307.1	178.6	374.7	204.4	153.7	829.7	177.6	243.8	111.2
55	-9999	73.5	98.4	81.9	62.9	149.3	108.3	62.9	158.6	163.1	53.1	58.8	14.3	117.1	201.4	181	98.5	162.8	131.9	132.6	120.1	133.7
56	-9999	201.5	125.2	247.8	358.3	288.2	309.9	230.2	313.9	251.8	351.3	468.3	272.8	359.6	268.1	447.1	345.8	454	370.2	504.3	529.4	291.3
57	-9999	64	37.9	94.2	220.7	279.6	437.9	142.7	225	260.8	108.1	149.8	56.9	112.4	204.9	605.9	462.8	528.4	446.6	323	436.8	227.5
58	-9999	66.2	88.7	82.6	38.7	83.4	98.7	126	179.7	213.5	193.1	284.1	44.2	33.1	95.6	189.3	183.9	417.5	94.9	221	253	433.8
59	-9999	0.1	0	0	0.2	3.4	0.6	0	0.1	1	0.5	0	0.1	1.4	0.5	1.3	1.3	0.6	1.7	2.1	2.6	0.5
60	-9999	1.2	2.1	1.5	2.5	2.2	0.4	0.9	1.7	1.5	6.5	9.4	2.2	1.4	3.1	3.4	4.3	1.4	7.4	10.1	2.1	16.3
61	-9999	21	25	20.3	23.5	10.3	14.8	16.9	17.5	15.9	5.9	6	5.2	4.7	7.2	5.2	10.1	10.8	6.2	5.1	7.4	5
62	-9999	59.3	80.6	67.4	75.5	75	67.1	54.9	48.9	59.7	22.1	10.4	12.5	124.6	77.6	56.2	59.6	37.1	76.8	45.6	10.3	45.1
63	-9999	90.1	123.5	119.5	124.3	48.8	55.7	63.1	48.9	46.8	17.7	21	16.3	50	72	41.8	50.9	16.8	27.6	35.2	56.8	13.1
64	-9999	259.5	286.9	229.8	571.3	321.8	301.1	389.7	224.1	188.1	83	73.3	46.6	413.4	317.4	458.2	370.6	295.4	593.2	253	366.2	233.8
65	-9999	240.5	238.7	231.4	604.6	266.5	292.7	471.4	224.4	331.9	202.4	228.5	178.1	195.9	199	190.6	230.8	154.5	257.8	107.7	260.2	23.5
66	-9999	227.6	162.3	149.4	234.8	402.2	380.7	212.3	406.5	222.7	452.7	458.8	319.1	538.5	365.2	542.7	364.2	220.9	474.3	379.5	554.5	280.8
67	-9999	91.5	71.2	65.3	187.4	248.5	346.4	162.8	230.3	211.2	142.6	155.5	214	112.6	103.5	214.3	316.4	264.2	235.3	184.1	248.5	440.3
68	-9999	51.7	91.1	77.5	231.5	81.3	128.4	98.9	204.4	105.4	34.6	43.6	6.2	235.7	90.8	178.6	46.6	95.2	261.8	66	126	73.1
69	-9999	30.8	47.6	45.7	81.6	359.1	425.8	191.6	209	139.2	164.5	428.9	112.3	265.7	276.8	432.7	564.9	393.1	413.5	269.5	904.2	220.2
70	-9999	152	182.2	82.6	121.3	138.5	175	114.7	79.5	82.3	77.8	63.3	65	104	59.7	95.9	150.4	98.1	188.9	46.2	266.5	29.2
71	-9999	49.8	78.9	75.5	70.6	93.2	135.8	116.9	100.1	117	51.1	41	85	32.5	92.9	241.6	240	138.7	310	197	148.3	96.7
72	-9999	23.2	32.5	25	31.1	20.9	9	12.2	9.9	13.6	15.8	8.5	32.7	14.5	20.9	10.6	14.6	9.2	20.9	12.2	3.1	8.1
73	-9999	23.9	36.5	24.5	11.5	5.6	7.7	3.8	0.9	1.9	1.7	2.9	0.6	4.2	5.6	0.9	1.5	1	1.2	3.2	5.4	2
74	-9999	44.2	53.6	40.5	45.2	43.3	76.6	114.3	61.8	93.9	54.5	70.9	53.4	41.6	31.5	85.9	63.8	68.8	52.7	38.3	26	14.1
75	-9999	116.2	98.1	166.4	128.2	142	135.2	143.7	72.2	81.1	75.4	72.5	73.7	75.9	62.3	72.2	41.7	81.5	152.4	86.4	145.6	40.7
76	-9999	243.2	272.8	226.8	351.9	247.4	224.8	386.1	339.2	397.6	175	192.2	127.1	148.5	121.7	263	462.4	226.1	356.8	141.1	122.7	152.5
77	-9999	81.1	48	52.8	135	75.4	209.7	106.3	62.7	150.2	112.3	76.4	77.3	68.9	66.1	110	218.3	124.5	98.2	71.6	161.3	67.6
78	-9999	420.6	348	456.1	929.2	371.7	392.6	1064	641.9	648.6	683	991.9	444.9	935.1	287.6	437.4	439.1	740.2	590.7	160.3	819.2	118.6
79	-9999	93	107.2	134.3	327.6	281.6	221.9	261.8	505.4	252.5	381.3	429.3	309.8	378.2	138.2	516.7	484.7	539	486.4	385.7	544.2	396.8
80	-9999	14.5	16	145.8	159.5	108.4	36.7	86	56.5	139.6	100.9	94.4	83.5	139.4	117.7	162.1	83.6	348.3	163	178.7	145.6	135.4
81	-9999	10.4	0	14	21.1	12.6	14.7	84	47.6	64.5	65.5	99.4	9.5	44.5	28.8	72.2	12.5	28.2	27.9	23.3	27.9	38.4
82	-9999	76.2	60.1	73.4	64.9	53.8	17.8	33.2	3	20.8	2	5.5	1.2	75.7	94.8	25.3	28.3	10.9	86.7	106.4	91.4	72.8
83	-9999	44.4	39.6	37.6	5.6	6.1	2.6	2.5	2	2.6	3	4.8	2	4.7	28.8	9	5.8	3.3	18	17.6	19.3	9.8
84	-9999	66.1	23	66.7	71.7	25.4	24.4	40.9	10	12.1	8	6	14.7	43.3	23.4	12.1	15.4	13.1	25.4	9	23.4	10.6
85	-9999	43.5	45.5	53.1	41.3	43.7	34.6	37.3	27.3	21.2	14.9	11.1	6.7	49.6	63.7	31.4	26.7	11	48.2	56.5	10.8	23.6
86	-9999	87.4	101.4	94.9	110.7	93.8	80	95.1	68.5	115.2	44.1	25.3	33.8	94.4	93	91.2	67	46.9	88.5	68.4	54.5	9.9
87	-9999	146.1	101.9	146.3	77	16	20.1	81.8	24.9	54.9	35.5	24.9	13.5	12	16.2	10.5	11.4	7.4	10.7	12.1	14.1	8.3
88	-9999	222.4	230.8	207.2	347.9	144	218.9	336.6	209.5	211.7	123.9	176.6	93.7	146.1	128.4	180	165.6	144.6	205.5	333.5	230.3	131.1
89	-9999	187.4	179.1	160.3	396.2	240.4	139.3	292.7	159.8	216.4	109.2	274.8	45.7	180.6	75.1	61.7	143.1	125.7	263.8	60.3	112.8	17.7
90	-9999	46.7	100.4	17	191.9	179.7	143.2	78.4	123.5	81.2	93.3	145.2	75.3	107.3	117.5	162.2	121.7	248	440.3	210.6	194.8	141.4
91	-9999	255.7	118.8	185.6	199.3	114.4	110.9	90	75.7	147.2	90.9	63.7	50.3	223.5	107.5	148	186.1	228.6	140.5	64.8	114.3	114
92	-9999	141.9	220	202.6	567	489.9	618.4	409.6	364.9	241.4	356.3	383.1	412.5	499.4	386.9	525.2	461.4	582.7	595.7	582.2	448.6	561
93	-9999	92.7	147.7	58	81.7	71.4	82.2	59.4	131.8	99	56.5	169.6	49.3	75.2	36.3	128.6	60.1	178.8	77.6	55.1	201.1	378.5
94	-9999	9.2	7.4	34.2	3.5	5.9	2.5	2.9	5.6	5.2	12.6	0.7	18.5	2.5	31.6	32.4	10.9	16.5	37.7	22.9	420.5	65.5
95	-9999	26	30.4	21	22.4	75.4	6.5	2.8	3.7	1.8	3.7	3.5	9.8	127.1	10.3	51.8	55.5	9.7	58.9	109.3	18.3	50.6
96	-9999	38.7	56.2	38.4	15.2	22.9	8.1	5.4	1.5	2.2	0.8	0.3	3.2	28.2	37	8.8	6.9	1.9	14.1	15.4	2.4	8
97	-9999	28.4	31.5	28.5	14.3	12.1	2.6	5.7	7.3	11.5	22.5	9.8	15.4	14.6	8.2	6.4	9.8	5.5	9.5	12	6.2	1.6
98	-9999	85.1	77.8	85.9	138.7	83	110.8	162.1	107.9	140.9	134.1	92.5	127.3	64.6	89.1	104.9	110.8	107.4	106.4	113.1	107.2	35.2
99	-9999	150.1	98.8	191.4	155	145.9	142.9	165.1	207.4	140.8	140.3	181.2	146.9	117.1	112.5	118.5	115.2	131	140	116.7	168.7	97.9
100	-9999	111.9	249.1	127.8	79.9	114.6	90.5	41.2	44	24.9	20.6	7.8	5.6	155.2	84.7	26.5	34.2	12.3	47.1	68.6	30.7	25.1
101	-9999	138.9	243.9	170.4	335.7	203.9	154	417.1	305.4	242.4	169.5	409.6	138.4	384.1	287.4	466	258.3	209.3	247.7	180.2	365.5	104.1
102	-9999	366.4	438.5	357.8	1039	249.6	280.8	1141	404	639.4	475.6	812.7	370.7	740.8	308.7	281.2	247.3	389.2	347.1	144.9	214.4	80.9
103	-9999	173	149.6	197.6	238	139.9	176.2	218.8	75.3	124.6	280.3	372.3	312	182.8	96.4	171.3	131.7	207.4	81.3	157.3	145.4	154.9
104	-9999	239	200	170.3	350.8	365.6	248.7	171.3	318.6	279.9	189.7	274.7	114.3	258	283.7	360.5	372.1	664.7	506.7	327.3	591.5	296.3
105	-9999	17	74.1	4.9	24	60.8	21.3	81.5	79.4	28.5	32.4	134.6	144.9	20.6	53.3	39.3	40.7	64.3	20.8	133.3	96.3	356.3
106	-9999	17.2	2.2	10.9	1.5	26	33	27.8	5	15.8	138.6	207.5	265.8	22.2	7.6	42.9	165.6	51.2	55.1	46.7	84.4	27.3
107	-9999	22.3	16.6	3.4	27.8	31.4	36.2	6	7.7	0.7	1.9	0.5	0.6	35.5	31.3	13.9	29.7	18	52.5	25.1	33	19.7
108	-9999	31.1	36.1	31.7	44.3	21.7	23.5	45.7	18.7	46.8	46	63.5	25.5	21	13.2	13.7	20.6	31.9	42	15.6	25.6	4.1
109	-9999	151.3	115.2	164.7	216.2	216.6	202.1	203.4	120.1	173.1	84	72.6	73.2	140.4	150.2	164.9	165.4	89.2	198.1	132	88.7	55.5
110	-9999	93.5	33.4	94.1	73	30.9	38.6	72.1	27.7	36.7	45.3	31.3	46.2	18.3	18.8	25.1	29	40.6	41.5	27.7	32.4	5.5
111	-9999	210.1	109.6	175.8	210.4	72.5	70.3	155.3	102	194.4	124.4	128.2	115.5	73.3	62.2	91.5	83.9	52.3	213.1	77.6	160.2	69.4
112	-9999	134.5	150.3	126.7	171	168.1	138.7	86.7	114.4	66.1	52.5	43.5	51.1	350.8	94.8	351.3	130.6	109.4	343.9	207.8	421	77
113	-9999	235.9	207.5	284.7	731.8	346.5	275.8	552.9	293.8	464.6	206.2	394.7	254.7	391.4	206.8	144.6	213.4	193.4	244.8	170.7	408.6	37.4
114	-9999	181.1	102.7	143.5	215.2	184	284.2	139	189.9	195.8	291.9	303.3	310.5	246.9	222.2	406.2	331.2	286	530.7	185.3	553.3	169.4
115	-9999	32.4	135.7	69.4	187.8	316	264.4	216.7	310.1	170.3	217.2	551.2	123.9	409.3	222.9	334.4	201	483.8	349.7	405.7	184.8	112.2
116	-9999	105.2	93.7	75.2	221.1	295.2	106.4	177	186.5	252.2	232.5	217.2	128.6	304.5	118.8	273	120	208.3	105.5	147.3	117.4	35.9
117	-9999	32.1	15.6	69.1	81.9	72.5	28.9	49.5	55.5	110.3	63.7	59.9	107.7	39.6	39.8	61.6	61.6	45.2	85.2	90	126.9	269.8
118	-9999	118.4	228.1	166.5	137.7	59.5	26.7	67.3	8.9	32.4	17.5	11.8	26.7	83.6	46.4	25.5	16	21	42.9	105.2	486.8	26.1
119	-9999	26.2	41.2	25.2	10.7	4.1	3.8	6.1	0.4	1.2	0.7	0.1	42.1	5.1	5.4	0	0.5	0.1	3.5	0.3	4.6	0.2
120	-9999	16.9	5	13.5	10.8	2.7	4	9.3	3.1	0.5	1.1	0.5	11.8	4.6	0.2	0	1.1	0.3	2.7	4.2	0.1	1.1
121	-9999	104.5	118.3	102.6	111.1	46.4	51	59.6	21.8	52.8	19.4	13.7	20.3	43.7	36.9	17.7	20	14.2	34.6	35.9	60	1.7
122	-9999	29.6	42.9	22.2	11.6	8.7	10.7	7.2	5.2	3.2	1.8	0.4	0.1	19.3	16	7.2	7	1.7	17	13.6	8.9	9.8
123	-9999	173.6	166.2	170.6	98	37.8	58.9	94.6	57	87.6	103	54.8	71.1	50	48.1	86.6	58	58.3	51.6	30	50.2	11.4
124	-9999	269.6	368.7	290.5	193.1	123.7	58.8	138.2	107.8	111	73.5	77	38.4	244.2	224.7	77.9	60.2	25	203	183.4	108.2	49.4
125	-9999	285.8	364	225.3	543	264.2	311.6	316.4	276.5	307.8	191.1	325.9	218.1	392.5	312.6	618.8	412	263.3	838.9	183.9	663.8	112.6
126	-9999	241.1	204.7	291.9	518.1	193	214.8	191.5	295.5	139	129.3	118.4	28.6	363	190.7	446.9	392.9	383.5	549.9	241	242.5	148
127	-9999	52.3	122.5	101.1	127.5	127.5	162.7	246.6	117.4	179.5	102	113.8	57.2	195.3	92.1	69.4	65.9	143.4	187.9	19.8	129	58.4
128	-9999	171.2	224	136	285.6	372.7	256.4	149.3	220.4	328.6	127.4	448.5	131.3	492.5	383.3	401.7	669.9	512.6	439.1	354.8	435	205.8
129	-9999	209.4	129.9	95.4	158.6	149.4	209.1	251.7	278.4	478.7	388.3	499.3	270.8	320.8	281.2	387.9	214.5	377.6	362.9	490.8	484.7	299.6
130	-9999	93.1	117.5	151	149.6	121.9	103.8	98.7	94.7	68.4	82.4	156.2	66	89.1	121.1	112.5	85.9	198.1	90.6	61.2	139.7	288.6
131	-9999	53.9	51.4	52.9	8.4	4.3	9.8	6.3	1.4	0.4	2.1	0.4	0	11	14.7	28.6	2.1	6.5	54.8	4.1	22.7	29.6
132	-9999	89.4	103.8	69.3	84.9	32.4	22.8	73.1	47.8	35.7	39.2	53.1	23.7	33	45.6	57.8	60.3	47.9	39.3	14.7	82.4	32.3
133	-9999	41.4	52.2	41.4	43.4	40.9	31.8	33.9	33.4	30.5	42.3	33.9	35.8	33.2	45.9	33.3	35.4	25.4	29.7	21.2	16.9	14.1
134	-9999	46	55.5	45.1	30.1	13.9	11.6	16.8	12.2	9.5	27.3	4.7	24.2	11.5	24.9	9.5	9.4	6.6	31.1	11.1	17.4	7.2
135	-9999	22	36.4	26.9	20.1	9.6	3.5	11	8.9	10.7	7.6	16.3	4.9	6	4.2	0.8	8.3	3.1	2.1	5.1	5.8	2.5
136	-9999	57.6	210.1	109.1	280.9	264.3	141.7	234.8	152.7	204.6	32	64	37.3	59.9	160.9	56.9	104.8	42.8	20.3	4.8	4.9	0.2
137	-9999	290.9	300.2	254.9	338.5	267.6	192.1	102.8	135	142.4	68.4	41.5	114.9	423	138.1	254.7	284.7	216.6	425	180.8	209	180.9
138	-9999	133.8	178.7	183.8	423.8	438	435.5	387.7	383.3	294.5	507.3	322.8	334.7	305.7	268.2	482.4	330.1	291.1	232.8	89.9	365.5	186.9
139	-9999	112.5	192	238.3	203.2	180.6	116.1	215.5	267.1	217.2	366.3	350	228.8	225.3	114.7	230.5	150.6	309.2	186.7	261.7	284.6	197.7
140	-9999	156	141	131.5	301.6	179.6	299.8	234.1	195.4	140	167.5	100	169.7	221.8	233.9	206.5	392.8	363.5	234.5	151.4	143.2	160.4
141	-9999	62.7	108.4	111.3	148.2	116.6	92.5	62.3	130.5	91.7	34.1	94.5	85.9	72.6	20.4	177.9	149.3	149.7	137.8	133.5	175.6	100.6
142	-9999	46.4	43.9	37.8	32.5	30.5	51.6	55	35.3	68.3	17	26.8	8	30.9	36.8	66.1	48.8	70.1	48.1	80.2	43.7	187.3
143	-9999	0.3	12	1.7	9	0.3	0.4	0.4	0.7	0.9	0.6	0.1	0	0	0	0	0.1	0	0.2	0.3	0	1.7
144	-9999	102	71.7	85.1	137.7	102.6	144.5	166.1	174.1	141.1	131.7	99.6	78.6	80.5	82.2	152.8	154.2	170.8	173.9	111.2	158.2	124
145	-9999	17.8	11.4	12.8	18.6	21.6	33	37	42.1	43.6	84.5	61.5	67.2	11.3	35.9	65.2	67.1	61.5	45.4	21.5	38.9	16.1
146	-9999	79.2	142.8	102.3	66.1	20.3	53.1	63.9	62.3	43.1	33.9	17.4	37.1	13.7	19.8	48.7	28.6	19.2	30.8	24.4	22.4	53.1
147	-9999	45.8	64.8	28	38.2	18.4	14.4	3.6	10.5	5.9	5.5	0.4	4.6	6	44.2	13.6	16.6	6.1	17.2	12.3	10.4	36.1
148	-9999	275.2	206.5	251	302	247.7	172	194.1	123.7	111.3	43.9	141.2	59.9	194.4	176.8	135.1	109.1	72.4	224.8	61.3	117.1	92.3
149	-9999	199	240.4	359.3	527.3	595.8	464.7	419.5	338.4	418.3	309	447.3	355.1	662.1	309	951.6	622.8	452.3	797.3	261	859.2	204.1
150	-9999	204.5	178.1	197.2	277.3	262.2	321.9	325	380.4	267.8	416.4	533.1	420.4	224.2	186.6	292.6	370.5	399.3	490.7	217.3	474.5	357.8
151	-9999	54.3	68	117.2	141.7	117.9	134.3	152.5	98.7	149.3	393	196.8	198.8	139.8	258.5	250.8	92.2	95.9	329.6	149.6	180.6	170.5
152	-9999	214.3	174.3	170.3	181.1	230.5	315.1	257	327.5	369	355.6	471.1	375.4	382.8	262	378.8	407.1	400.9	825.7	520.7	551	437.7
153	-9999	18.4	65.4	29.3	134.4	282.3	148.4	229.1	172.1	185.9	72.1	50	85.7	216.6	185.9	266.9	195.9	159.4	263.7	176.2	207.8	68.9
154	-9999	34.1	84.8	33	44	87.5	94.3	50.3	32.6	40.5	17.4	30.7	16.7	73.1	143	64.8	26	29.1	103.8	173.6	203.8	209.8
155	-9999	164.5	183.4	188.7	168.2	185.8	122.5	72.5	70.9	88.3	56	44.4	25.3	79.7	264	163.9	132.2	113.8	144.8	249.4	200.3	363.8
156	-9999	146.4	158	169.5	88.7	41.9	54.5	95.4	43.4	91.4	49.2	27.3	57.4	62.7	49	30.5	34.6	18.4	62.5	22.8	33.2	14.8
157	-9999	102.3	133.2	128	116.8	99.4	77.4	100.1	57.7	50.8	74.7	65.9	54.9	137.5	142.8	79.3	70.9	61.6	99.7	108.3	86.3	14.6
158	-9999	34.2	50.9	37	17	12.6	16.9	11.7	14.2	32.4	18.4	38.7	21.4	1.6	4.6	3.8	9.9	5.2	10.3	0.8	6.2	1.1
159	-9999	86.5	128	86.5	80.5	64.8	27.1	56.2	10.4	50.2	37.6	17.2	65.7	91.4	34.7	2.3	9.1	9.1	9.2	1.9	4.9	14.9
160	-9999	375.9	347.1	362.6	473.7	235.3	285.2	488.3	356.1	490.1	601.7	348.2	451.2	232.1	138.6	225.4	275.6	147.1	243	133.7	209.2	22.7
161	-9999	417	384.2	415.1	641.3	327.3	373.5	629.1	359	359.1	330.6	378.9	338	384.8	246.1	521.2	414.4	314.6	990.7	158.3	970.7	59.8
162	-9999	312.1	302.9	274.9	277.5	139.5	279.6	321.6	360.5	238.5	242.7	315.3	139.8	281.8	148	224.8	152.4	239.7	327.9	539.9	476.2	153.7
163	-9999	186.4	135.6	101.6	356.5	320.3	298.1	374.3	429.6	296	399.9	767.8	355.3	146.9	279.6	326.1	260.8	527.9	245	119.6	445.7	99.2
164	-9999	192.2	411	237.2	219.1	425.9	338.9	322.7	470.4	267.2	418.2	374.2	335	393.4	285.5	619.7	434.9	500.4	636.9	579	877.3	629.2
165	-9999	156.3	160.6	168.2	204.4	297.1	140.8	131.4	191.8	145	176.6	259.2	47.7	140.9	79.2	436.5	499.4	331.8	499.7	256.7	529	543.8
166	-9999	105.3	99.2	83.4	75	88.8	56.1	62.1	53.9	50	32.3	24.3	32.1	185.8	177.1	25.7	53.9	18.1	176.8	133.9	45.9	103.7
167	-9999	75.9	99.9	61.3	49	25.9	26.9	68.1	14.9	41.5	77	49.2	49.9	13.3	20.7	14.5	15.8	18.6	3.6	21.9	6.3	51.4
168	-9999	0	2	0.5	0.9	1.3	0	0.5	0.6	1.6	0.7	0.1	0.3	0	1.5	0	0.1	0.4	0.2	0	0	1.4
169	-9999	42.1	63.2	47.6	22.9	22.3	17	17.4	11	9.3	4.4	1.3	4.6	31.2	27.2	7.9	11.5	5.5	14.8	6.4	7.5	11.3
170	-9999	89	107.9	78	57.5	29.9	30.6	85.6	28.5	40.8	53.8	37.8	35.4	54.1	26.3	27.3	31.9	26.8	48.7	11.4	48.6	2.3
171	-9999	37.3	62	49.4	53.4	46	53.8	52.6	22.9	43.9	21.1	19.3	12.6	68.9	76.4	50.6	68.3	17.8	79	43.8	44.3	46.1
172	-9999	176.6	189.3	157.7	202.2	152.4	200.9	250.6	139.9	228.9	143.5	125.8	96.3	159.5	154.5	233.8	323.4	257.5	229.4	208.2	258.8	82.8
173	-9999	253.2	340.5	302.9	465.3	255.2	164	339.3	141.9	496.4	118.4	156.9	123.6	194.1	118.6	153.4	249.8	136.1	89.7	76.3	64.2	82.7
174	-9999	247.7	287.5	358	619.9	312.7	284.5	438.8	340	354.3	580.3	579.8	392	336.4	144.8	410.5	343.2	326.4	454.9	380	232	448.2
175	-9999	156.2	234.1	140.7	317.6	259	210.6	156.9	191.4	82.6	97	194.4	101.9	337.7	194.9	376.1	232.1	213.8	464.2	264.2	191.2	341.8
176	-9999	105.9	67.4	71.6	173.7	100.5	99.8	146.4	134.6	165.2	129.6	152.8	82.5	74.9	102.7	153.5	135.3	211.6	205.8	194.4	203.8	354.2
177	-9999	16.6	38	0.6	226.6	135.7	139	83.2	47.8	48.6	62	54.2	61.1	158.6	137.4	180.1	169.9	100.2	154.8	162.6	147.3	290.2
178	-9999	160.7	128.4	211.1	153.6	106.4	166.1	185.2	352.9	220.1	237	293.8	247.4	109.1	103.2	346	455.9	559.2	208	155.6	495.3	415.2
179	-9999	34.4	12.6	22.1	45.4	25.9	53.2	66.5	34.5	55	147.1	160.2	135	3.8	18.5	35.9	41.9	29.2	23.1	10.2	25.2	7.8
180	-9999	61.9	53.2	59.9	53.1	68.1	43.2	54.9	48	38.7	59.6	42.6	58.6	20.3	61.9	65.7	72.9	110.9	49.8	23.1	133.5	14.2
181	-9999	90.5	100.9	94.9	110.9	65	69.4	134.4	80	97.8	60.2	50.4	43.6	53.6	65.1	52.6	66.7	54.7	60.4	38.5	50.1	19
182	-9999	142.3	100.4	137	124.8	70.4	84.6	93.6	51.3	40.8	39.3	30.2	24.5	62.4	73.3	57.2	101.5	49.7	58.2	38.4	54.6	14.3
183	-9999	292.8	263.8	265.7	257.3	128.3	146.8	126.1	92	100.5	60.6	40.4	57.9	160.4	111	101.6	151.2	112.5	120.2	78.4	142.7	51.7
184	-9999	246.4	353.7	284	360.2	141.2	219.2	291.4	217.4	346.6	72.7	57	55.3	236.7	153.2	114.5	123.8	191.4	125.6	86	40.7	76.3
185	-9999	385.5	516	398.9	902.2	296.7	797.1	734.8	400.9	433.7	270	320.9	203.7	327.8	168.7	322.2	386.5	551.4	787.2	229.3	547.9	164.5
186	-9999	210.7	154.9	173.7	185.9	257.9	258.5	354.5	438	271.8	382.2	468.9	420.8	246.9	116.1	383.2	345.3	346.9	476.7	146.8	842	230.1
187	-9999	129.1	254.6	177.3	149.6	219.9	226.9	132.3	214.9	80.6	83	192.5	53.2	349.3	149.5	352.4	245.9	341.3	330.1	139.5	300.2	78.9
188	-9999	160.4	105.2	119.5	300.3	341.9	257.8	133.1	190.4	237.7	109.6	200.8	94.6	587.3	302.4	330.3	305.9	341.7	457.8	436.7	334.6	245.7
189	-9999	178.2	77.7	113.8	157.3	82.7	172.8	100.6	180.1	197.3	130.9	204	208.8	107.2	36.4	181.3	90	174.5	124.6	34.1	134	39.8
190	-9999	192.6	204.7	171.4	210.3	235.2	217.2	150.2	287.3	172.9	227	515.3	223.3	22.5	77	398.1	405.1	444.6	132.4	71.7	375.5	145.9
191	-9999	121.1	70.7	63.7	30.8	14.5	12.2	24.4	6.4	19	15.2	6.7	12.5	18.3	21.2	3.1	8.7	12.3	3.9	8.8	7.5	10.5
192	-9999	95	77.3	105.8	73.8	57.2	54.2	46.5	36	47.4	119.3	92.6	116	31.3	62.3	37.7	52.3	49.4	32.8	24	40.5	12.9
193	-9999	1.1	2.5	2.1	0.9	5.2	5	0.6	0.6	1.1	7.5	7.8	5.3	1.3	8.2	0.6	0.7	7.7	1	1.4	1.7	1.9
194	-9999	99.5	92.3	124.5	75	23.5	27.8	43.1	29.4	24.4	44.5	15.4	28.6	37.5	22.6	20.2	16.6	5.4	36.5	9.1	19.8	3
195	-9999	98.7	62.8	100.1	84	51.9	76.9	131.7	50.2	80.2	51.8	20	26.1	39.7	47.6	30.6	45.4	25.8	47.6	22.8	18.1	9
196	-9999	249	232.2	217.1	301.7	183.2	183.4	226.9	168.2	127.9	77.9	120.6	114.5	296.8	148.2	132	192	196.6	286.9	178.6	171.3	105.6
197	-9999	301.7	258.6	223.9	247.2	263.7	242.5	193.8	157.2	230.7	127	155.9	145.8	478.4	357.2	262.4	190.7	91.1	248.3	129.2	320.8	122.2
198	-9999	373.6	149.9	236.2	323.5	161.6	210.5	425.9	475.1	383	426.6	453.7	317.9	413.9	163.5	446.6	401.8	631.4	299.6	203.7	395.9	227.9
199	-9999	174.1	81.1	288.7	234.2	194.6	329.9	264.5	174.8	201.4	245	347.7	154.8	204.5	142.8	240.8	177.3	373.4	224.9	346.5	318.3	392.8
200	-9999	97.5	181	156.6	190	441.4	316.1	169.9	553.8	222.1	434.1	346.2	194.2	283.3	185	386.7	564.5	632.8	517.2	432.5	652.9	247.4
201	-9999	28.2	55.9	80.5	109.9	205.5	89.3	105.3	195.2	65.7	198.4	214.2	118.9	292.1	389.8	368.8	209.4	242.2	524.8	714.4	767	285.8
202	-9999	154.4	173.9	184.7	180.8	90	126.6	235.9	85.1	107.8	87.1	64.5	53	157.8	40.4	97.2	90.5	61.3	109.2	79.4	170.7	321.3
203	-9999	8.9	15.5	8.1	0.8	0.2	0.3	0	1	0.8	3.2	0.9	0	7.1	2.3	0	2.7	3.5	1.3	3.6	0.1	3.6
204	-9999	10.3	13.6	8.6	6.5	11.5	6.6	7.4	1.9	7.5	1.7	1.1	8.6	12.3	16.3	11.6	11	1.2	17.1	21.8	2.1	0.8
205	-9999	54.7	87.2	57.4	65	30.5	21.8	26.4	24.8	26.4	40.4	31.8	32.6	28.7	26.6	17.1	20.4	25.4	29.4	36	27.8	24.1
206	-9999	21.3	20.3	21.3	9.2	6.9	6.7	19.2	7.7	16.9	11.6	5	15.2	4.8	7.3	3.6	5.7	4.8	2.5	1.5	2.6	1.5
207	-9999	30.6	18.2	26	32.3	23.4	26.8	44.3	12.4	25.5	7.9	4.8	14	27.6	20.2	19.2	14.6	11.5	12.5	12.1	13.8	5.8
208	-9999	236.8	261.2	250.4	61.7	70.7	35.3	73.8	6.4	30.5	9.3	4.7	6.6	197.1	95.6	6.9	8.7	15.5	16.6	69.9	13.4	128.1
209	-9999	183.8	399.4	219	534.1	332.7	229.7	516.5	149.2	366.1	311.5	736	229.6	104.3	143.4	120.5	112.1	163.5	245	114.9	141.9	32.9
210	-9999	240	231.6	259.2	526.9	248.6	324.9	453	473.2	437.7	353.4	460.5	392.4	220	102.4	119.5	105.7	241.4	114.9	19.8	63	2.1
211	-9999	127.4	135.5	243.2	415.1	282.8	157.3	212.7	242.2	304.7	226.6	325.2	194.2	179.8	135.4	162.9	184.1	288.3	248.1	117	200.6	181.6
212	-9999	172.6	185.4	95.4	97	113.8	125.9	79.7	222.1	196.1	131.1	195.2	125.1	218.3	99.2	71	157.3	277.1	302.3	332.4	121.1	142.5
213	-9999	102.9	78.4	115.9	145	78.5	278.3	135	183.6	196.5	148.4	127	77.7	170.7	116.7	348.2	331.5	479.8	182.6	178.1	355.2	301.3
214	-9999	87.1	46.9	16	27.3	9.9	125.4	72.8	24.6	20.3	2.9	21.1	22	91.1	77.9	146.8	82.9	59.1	25	233.2	79.1	31
215	-9999	4.1	9.1	9.9	1.5	0	5.1	8.4	4.5	8.5	34.4	29.1	12.9	0	0	12	8.3	14.4	0.4	0	5.6	0.4
216	-9999	102.6	94.7	129.5	84.6	41.9	32.2	70.7	28.3	52.4	73.1	27.2	29.4	66.8	32.7	16.1	26	18.8	19.7	23.2	4	11.2
217	-9999	79.3	104.2	91.2	90.3	24.7	23.5	57.5	35.4	39	40.5	45.2	43	37	26.5	27.5	24.2	16.9	31.5	10.2	28.6	18.4
218	-9999	40.5	32.6	51.7	58.8	32.5	31.1	28.3	32.3	29.2	27	29.5	29.9	41.9	37.4	22.9	23.4	19.2	31	30.1	21	6.4
219	-9999	269.1	197.3	202.6	203.2	48.5	111.2	179.7	139.8	193.2	169.6	172	180.6	64.4	60.9	100.4	106.2	113	190.2	144	134.4	73.4
220	-9999	180.6	199.7	226.9	188.9	212.8	227.2	228.3	275.9	234.3	127.4	218.1	117.4	266.6	226.2	498.4	324.5	238.7	445.3	172.4	227.9	100.2
221	-9999	428.8	387	287.9	494.1	341.6	319.2	267.9	181.8	311.5	203	224.1	189.3	387.6	279.7	253.9	216.7	171.2	639.7	125.9	327	221.7
222	-9999	283.7	190.5	255.1	268.2	302.2	247.9	239.2	349	352.4	226.4	218.7	116.2	262.1	152.3	502.1	394	298	675.5	325.2	424	135.4
223	-9999	110	68.8	39.8	82.3	85.9	125.6	152.8	312.3	176.7	189.2	200.9	166.3	54.3	26.5	240.2	212.6	555.6	198.1	110.1	336.9	293.9
224	-9999	100.2	220.4	167.1	409.8	345.8	204.8	236.9	162.6	314.3	183	188.7	101.7	243.4	321.1	234.7	270.1	202.7	338.8	306.5	326	268.9
225	-9999	90.4	17.7	28.4	56.7	68.8	141.5	51.3	131.2	115.9	60.5	134.3	48	110.3	103.8	111.1	144.7	216.9	203.4	275.1	181.9	369.1
226	-9999	79.5	90.5	91.2	188	214.6	154.5	130.3	153.7	83.9	130.9	118.5	131.7	67.1	160.9	185.6	207.9	244.6	180.1	239.5	285.1	270.5
227	-9999	52	14.7	31.9	30.5	40.9	47	30.7	51.3	51.3	83.7	74.4	87.9	9.8	33.5	110.4	50.5	87.5	39.5	22	73.7	36.3
228	-9999	10.3	13	4	5.8	3	11.4	18.7	29.1	29.3	34.4	31.5	26.6	2.9	4.8	7.1	31	34.8	0.3	0.2	20.8	1.3
229	-9999	61.1	106	90.4	51.4	27.6	38.2	63.1	58.8	45.6	57.6	36.7	44	29.1	20.6	61.3	86.8	74.6	68.7	30.3	55.1	11.2
230	-9999	57.9	73.9	68.3	64.6	89.3	63.7	52	26	36.5	21.9	11.1	15.1	134.9	110.9	16.3	12.8	18.8	43.3	37.6	25.2	1.7
231	-9999	235.3	159.4	222.4	209.7	68.2	83.5	175.1	86.5	124.1	96.7	79.7	83	61.3	49.3	93.9	113.3	95.4	96	45.1	107.8	8.3
232	-9999	115.8	224	146.1	218.8	290.5	225.5	179.3	199.2	150.5	147	215.8	140.9	208.2	154.5	194.5	201	243.2	271	154.7	180.1	45.3
233	-9999	176.9	215.4	148.6	418.7	272.3	416.1	250.6	237.2	231	168	220	148.7	262.2	175.4	213	267.6	231	626.9	103.4	288.3	139.7
234	-9999	183.2	181.8	130.1	413.4	262.5	114.6	501.6	244.5	285.9	475.8	450.2	381.4	198.5	197.7	161.9	180.2	259.4	294.4	147.8	289.6	102.5
235	-9999	70.3	70.3	75.1	138.6	198.4	160.9	153.2	137.6	82	114.8	184.6	104.2	140.4	133.2	218.4	212.4	295.4	354.4	198.2	194.2	134.7
236	-9999	193.6	191.4	144.2	295.9	303.4	344.5	177.5	265	371.9	211.4	232.9	322.7	319.7	236	560.9	432.6	359.8	420.4	406.9	393.9	201.7
237	-9999	168.1	114.7	79.5	160	169.5	268.5	390	469.1	504.4	161.5	318.7	92.8	135.9	122.6	309.7	240.2	225	196.7	131.9	342.3	213.3
238	-9999	0	0	0.7	0	0	0	0	0.3	1.7	0.2	0	0	0	0.4	0	0.1	0	0.4	0.8	0	14.2
239	-9999	15	22.3	18.6	11	0.9	3	5.9	1.2	5.4	24.1	44.2	37.1	18.9	5.3	2.8	9.5	25.2	1	10.1	2	10.3
240	-9999	5.1	7.4	7.3	6.2	3.4	1.2	3.5	0.9	0.8	2.6	4.3	0.3	0.6	0.2	1.8	2.3	2.7	1.1	0	1	3.5
241	-9999	45.1	84.7	40.4	28.8	9	7.5	24.7	6	21.8	31.5	44.4	38.7	14.4	11.3	12.6	3.1	4.2	13.2	6.6	2.8	0.1
242	-9999	101.1	67.2	91	75.9	81	57.8	109.4	67.8	100.5	72.1	64.1	80	50.2	44	61.2	67.7	48.1	67.4	29.8	61	2
243	-9999	258.2	132.3	214.2	113.6	95.1	47.9	114.3	48.9	80	43	55.9	33.9	59.1	48	45.2	107.9	97.8	17.8	8.2	13.1	0.4
244	-9999	391.4	393.1	274.6	653.3	253.7	391.3	630.6	326.6	622.1	295.3	298.8	282.9	176.8	315	247.8	181.8	170.1	284.1	125.1	157.8	42.9
245	-9999	312.9	437.7	393.2	366.1	275	270.9	405	292.3	144	258.2	340.1	429.8	380.7	246.2	353.9	319.9	224.3	323.6	213.8	171.5	58.7
246	-9999	115.5	145.5	119.1	261.9	196.1	176.6	91.2	180.7	81.8	35.6	93.1	25.8	242.8	187.5	258.5	229.7	185.1	314.4	252.4	406.4	233.1
247	-9999	181.3	280.5	108	210.1	330.5	229.5	300.9	429.2	257.8	309	576.7	380.4	231.1	233	166.3	305.2	532.8	220.9	254.1	270	399.5
248	-9999	176.6	169.9	120.8	218.6	253.6	165.5	222.8	165.5	145.6	102.2	189.1	98	68.6	150.8	241.8	133.4	330.1	485.8	275.1	225.9	232.3
249	-9999	117.7	77.3	30.6	52.9	38.6	120.5	48	29.5	87.7	22.4	37.3	44.6	72.7	107.2	113.9	134.1	209.8	320.3	461.5	238.1	282.2
250	-9999	64.2	55	54.6	81	49	21.5	22.9	2.5	15.2	117.2	104.8	48.9	10.6	28.8	76.9	59.1	54.2	52.7	250.4	112.9	112
251	-9999	0.8	2.1	0.3	0.7	0.6	3.2	50.4	49.6	50.4	82.4	72.8	95.5	0	0.6	7.4	13.8	35.2	2.5	8.7	8.7	8.7
252	-9999	8.4	26.1	12.6	1.5	0	0	1.3	0	1.1	0.2	0.1	0	2.1	1.7	0	0	0.1	0	0.1	0	1.4
253	-9999	43	32.5	39.8	44.9	16.5	14.2	14.7	4.1	9.2	1.3	1.9	3.3	17	5.1	7.2	8.5	1.9	0.6	0.9	2.2	9.6
254	-9999	97.2	86.6	102.4	58.9	28	22.1	56.6	10.7	25	11.2	8.1	6.2	35.8	32.9	20.2	21.6	5.2	29	11.7	15.1	3.1
255	-9999	189.6	242.7	186	217.4	117.8	163.3	192.5	166.4	125.5	88.7	105.2	76.2	72.9	100.5	49.8	100.7	105.8	131.3	62.6	86.4	11.2
256	-9999	410.2	438.2	378.9	392.5	242.1	210.6	297.6	191.9	242	132.7	77.6	54.8	457.8	247.8	265.9	321.4	98.4	390.3	168.9	386.6	202.1
257	-9999	240.8	309.4	209.5	432.5	217.8	149.3	476.5	222.4	296.2	255.5	337.6	194.3	246.9	211	227.4	134.5	147.5	626.8	285.2	611.3	63
258	-9999	148.1	309.3	217.4	341.6	198.5	364.7	358.5	336	234.1	192.7	247.9	158	291	165.7	327.6	422.9	116.5	354.1	241.7	144.2	104.9
259	-9999	209.5	263.3	315.5	309.5	292.9	653.9	506.4	498.3	349.1	259.7	339.1	232.2	657.9	372.4	629.6	898.6	548.7	459.3	249.8	415.2	258.2
260	-9999	81.8	103.9	78.5	127.5	149.5	151.7	159.4	189.1	228.4	136.5	54.3	122.5	221	57.9	211.8	137.6	147	294.7	104.1	119.3	229
261	-9999	161.6	25.2	111.3	132.4	262.2	272.5	279.8	105.4	361.4	116.6	222.7	194.8	277.3	288.5	476	183.6	328.1	369.9	367.7	393.9	226
262	-9999	40.8	109.7	87.4	84.9	219.4	145.5	86.1	89.8	33.7	55.7	65.9	23	386.1	366.2	420	360.8	105.8	242.4	195.3	404.2	316.4
263	-9999	58.1	72.1	63.6	81.3	85.4	67.5	89.2	50.5	53.4	37.6	19.6	28.4	54.8	141.2	108.2	95	81	93.6	65.5	83.4	89.2
264	-9999	1.5	1.5	0.6	0.5	0.3	4.4	5.1	7.7	11.2	38	23.7	58.8	0	0	3	4.5	5	0.1	0.2	3.3	0.2
265	-9999	2.3	7.6	8.6	3.5	14	6.7	0.8	6.1	4.6	12.4	13.4	6	5.9	3.5	1.8	0.4	17	0.5	3.2	6.5	0.8
266	-9999	176.6	197.8	158.5	154.6	97.2	84.6	148.9	65.2	117.5	63.1	53.1	56.3	80.4	51.2	36.5	35.2	20.7	32.3	65.4	30.3	20.3
267	-9999	128.1	147.4	120	81.5	92.7	35.5	100.8	46	104.2	31.3	29.3	18.6	19.6	42.5	25.6	43.2	30.5	42.5	20.4	36	12.7
268	-9999	249.1	135.6	178.9	301	184.8	222	261.1	162.4	116.2	117.2	182.6	104.1	248.9	244.7	380.7	299.7	170.8	452	223.5	448.4	56.6
269	-9999	250.8	362.5	337.8	421	293.4	221.1	207.4	365.9	165.3	232	346.1	194.8	456.8	243	484.5	286.6	507.3	233.9	119.5	181.1	71.9
270	-9999	131.5	192.5	143	151.9	101.1	213.5	200.3	279.7	260.9	174.3	474.8	164.4	143	79.5	116	209.2	220.7	109.1	112.3	184.8	188
271	-9999	61.6	54	120.1	228.1	185.9	287.6	198.4	145.6	245.2	211.9	307.7	142.2	228.3	115.2	246.9	273.4	355.8	301.7	256	604.6	114.1
272	-9999	250.4	163.6	139.1	246.5	261.7	146.4	431.1	162.5	250.2	233.2	317.2	310.4	430.6	133.6	290.4	162.1	515.2	501.6	119.6	354	149
273	-9999	162.5	56.8	58.2	76.8	210.5	79.4	44.5	101	58.6	142.7	224.7	79.8	106.1	142.1	200	185.5	379.1	258.9	179.6	503.9	549.5
274	-9999	98.3	65.5	92.1	132.2	91	126.1	91.4	45.6	92.7	15	24.5	9.9	19.3	66.9	26.6	50.3	48.7	52.3	65.9	158.9	317.8
275	-9999	123.8	177.3	203.4	198.5	106.7	117.2	185.4	120	171.7	79.7	66.7	55.3	107.9	110.2	102.5	97.8	121.5	95.4	60.4	133.3	141.6
276	-9999	34	72.4	43.4	64	37.5	31.7	21.2	4.8	5.8	3.8	1.3	4.2	28.2	14.6	24.5	28.5	0.7	29.5	19.4	29.4	9.4
277	-9999	142.1	146.7	154.9	273.3	204.7	199.5	237.3	145.4	167.1	89.8	69.2	68.6	183.1	210	136.8	131.4	95.8	131.2	110.3	69.1	36.8
278	-9999	341.3	283.7	357.2	366.9	270.1	325.4	456.9	318.7	438.9	303	176.9	233.1	313.3	227.2	266.4	283.9	202.3	276.1	161	265.4	36.1
279	-9999	389.4	371.9	390.2	530.4	306.1	311.6	511.3	349.3	497.8	409.1	390.7	375.8	222.6	229.7	373.5	326.8	369.7	397	284.1	380.1	28.7
280	-9999	277.1	169.1	258.5	275.5	138.9	122.8	232.7	176.7	243.6	309	179.7	186	130	110	144.6	166.1	192.5	123.3	173.5	85.1	107.9
281	-9999	208.1	210.2	215.3	701.5	244.1	167.4	350.6	314.4	348	319.1	471.9	311.1	395.9	350.5	256.2	136	245.7	592.5	373.3	510.8	70.9
282	-9999	204	215.3	208.3	619	189.4	418.3	417.6	298.8	265.3	242.5	455.8	209.6	105.9	68.5	105.2	73.5	260.9	63.8	57.5	45.2	53.4
283	-9999	72	77.2	27.4	106.2	149.8	127.1	55.6	152.7	95.2	254.1	159	160	37.1	76.2	117.9	89.6	99.2	112.5	63.1	148.9	74.5
284	-9999	114	114.2	174.7	209.5	138	118.5	240.2	178.3	163.7	249.7	194	152.9	312.2	160.1	310.5	213.4	240	223.9	134.1	361.9	245.6
285	-9999	83.5	132.9	129.9	235.4	135.3	198.3	132	238.7	119.9	111.1	180.5	107.4	205.4	335.1	294.2	229.4	324.2	146.6	118.7	303.4	248.5
286	-9999	62.5	89.6	78.3	178.9	113.9	163.8	57.6	164.8	48.8	80.7	31.9	92.4	87.9	205.4	203.8	188	242.8	378.5	166.7	258.3	184.6
287	-9999	7.9	16.4	11.7	1.1	2	0.8	0.2	0	0.4	0	0	0	1.8	12.8	0	0	1.7	0	0	0	0
288	-9999	31.4	45.8	31.7	19.1	10	10.7	11.7	9.4	13.1	18.9	10.6	18.5	15.1	13	13.1	12.6	10	19.2	14.7	20.9	13.4
289	-9999	15.7	28.8	23.8	25.2	18.9	12.2	20.2	14	18.6	6.7	2.4	7.6	19.9	21.1	8.8	9.2	10.1	11.3	7.4	1.7	2
290	-9999	28.9	34.2	37.4	27.3	14.6	9.1	19.6	6.5	13.7	8.8	4.3	8.1	12	18.7	5.6	10	3.6	14.5	19.2	4.2	4.9
291	-9999	122.8	83	104.6	130.9	57.9	67.2	123.5	36.4	88.8	29.2	15.4	21.9	31.5	17.3	40.7	33	21.1	110.6	133.2	60.6	16.2
292	-9999	412	581.7	416.6	371.5	191.9	180.1	358.8	208.4	336.3	295.2	269.9	210.7	512.6	257	341.9	234.2	245.2	304.7	131.7	297.4	170.8
293	-9999	220.6	255.3	232.7	457.5	241.8	217.6	693.2	274.6	394.2	328.8	289.4	365.2	274.4	242.4	424.6	200.6	249.6	522.1	251.4	681.1	88
294	-9999	127.9	172	167.2	447.2	308.8	217.2	298.8	280	232.2	258.7	220.7	287.7	207.4	152.9	428.8	375.7	315.3	471.6	431.4	338.4	411.6
295	-9999	125.8	43.2	64.9	93.4	119.1	115.7	75.5	134.4	71.9	67.3	55	54.5	155.3	76.3	111.9	68.7	111.2	183.6	217.2	129.9	85.9
296	-9999	356	140.3	125.4	139.7	262.8	198.1	423.7	473.4	220.3	275.9	281.1	333.1	316.7	267.6	518	361.9	417.9	547.9	338.2	367.2	369.8
297	-9999	103.1	52.5	156.5	167.6	134.9	161.7	224.3	176.9	147.7	98.7	174.4	56.4	69.6	82.4	134.8	147	161.7	142.1	143.8	248.6	460.7
298	-9999	10.6	24	22.7	0.4	0	0.1	0	0.3	0.2	20.1	25.5	27.2	124.2	19.9	0.2	7.7	6.1	18.5	0.6	44.3	260.2
299	-9999	24.2	21.2	27.6	56.5	19.3	54.4	60.7	22	22.6	3.8	3	2.5	10.3	21.6	12.6	32.6	17.1	32.3	1.5	24.9	87.8
300	-9999	17.7	17.8	21.2	6.8	8	9.6	4.9	8	2	17.3	18	12.6	2.6	3.5	8.2	10.6	26.6	4.7	0.7	7.1	4.6
301	-9999	40.6	37.2	44.4	37.1	39.7	38	23.5	18.4	19.7	8.5	20.7	9.7	67.2	46.2	26.5	23.9	17.8	28.9	18.9	18	26.2
302	-9999	247.5	239.5	225.2	257.5	235.3	268.7	247	253.6	291.3	313.4	283.3	286.3	168.8	200.2	231.3	325.7	153.5	214.6	161.3	118.1	83.7
303	-9999	177.1	152.5	168	185.8	141.6	144.8	178.3	103.7	155.3	129.2	127.1	124.3	165.4	143.8	66.2	79.1	77.5	75.9	93.4	42	26.1
304	-9999	139.6	139.7	140.6	173.9	178.8	167.5	230.5	165.8	195.7	190.1	251.2	176	230.8	161.8	169.9	206.7	193.4	236.9	311.5	208.9	96.9
305	-9999	122.6	225.1	122.4	214.4	337.8	186.3	261.1	92.5	256.8	105.4	176.3	94.5	210.4	128	328.5	240.8	134.5	142	65.2	302.1	48.3
306	-9999	94.2	60.7	57	158.4	112.4	166.3	327.6	268.1	363.4	333	454.9	554.8	90.6	199.2	115.8	205.1	232.7	211.6	306	184.5	59.7
307	-9999	228.8	109.1	140.1	227.3	126.8	191.8	229.6	198.8	382.3	116.3	225.4	117.8	150.2	134.5	127.1	158.9	161.5	128.6	149	125.1	120
308	-9999	251.8	187.8	108.9	210.3	254.4	296.7	267.8	414.1	371	157.6	270.3	101.8	494.1	292.9	674.5	548.1	473.1	724.4	694.2	560.3	667.6
309	-9999	246.1	217.6	260.9	254.5	281.6	205.3	167.8	279.6	112.9	99.7	134.7	74.7	225.8	392.9	332.8	374	320.5	449.8	259	401.1	728.8
310	-9999	2.3	18.3	10.5	16.6	7.9	24.4	8.4	6.2	2.7	0.5	1.6	0.7	124.3	31.6	17.6	13.2	26.3	75.9	99.4	79.2	234.9
311	-9999	32.5	52.3	44.2	11.6	1.5	10	11.8	15.7	3.2	5.3	4.9	32.9	3.4	6	5.2	19.9	13.9	18.9	3.7	33.4	21.2
312	-9999	27.2	25.8	38	15.3	4.4	6.2	12.1	5.4	14.5	16.2	9.4	11.5	5.2	7.7	9.4	13.7	17.4	2.9	7.9	30.8	0.2
313	-9999	12.6	14.8	9.7	3.5	0.4	1.3	2.5	0.1	0.8	0	0.5	1.6	0	1.8	0	0	0	0	0.2	0	0.3
314	-9999	87.7	116.6	110.7	158.1	58.7	60.9	105.6	59.8	84.2	60.8	48.3	50.7	79.4	73.1	96.3	100.8	45	137.5	80.8	75.9	67.6
315	-9999	133.1	80.5	96.5	191.4	92.9	76.6	163	132.7	130.2	85	89	65.7	63.7	54.2	36.2	65.7	55	58.3	23.6	57.6	1.9
316	-9999	174.9	132.5	181.1	148.9	190.3	73.3	75.8	82.2	89.9	165.7	126.9	54.1	376.7	126.5	214.6	58.4	84.5	167.1	29.9	105.2	35.9
317	-9999	150.4	260.2	196.3	321.6	260.5	231.2	366.8	214.7	392.3	215.3	409.4	176.1	413	261.6	404.9	243.2	320.1	415.6	168.9	331.8	136.9
318	-9999	244.4	246.4	195.6	459.1	289.8	255.4	498.3	499	387.1	317.8	260.5	227.9	435	172.3	404.1	388	304.2	513.4	208.4	464.3	208.9
319	-9999	151.5	206.2	104.7	278.9	140.7	267.4	257	363.3	384.3	352.6	399.8	188.2	135.9	129.2	406.3	384	508.8	466.3	190.2	364.7	363.8
320	-9999	96.5	64.3	119.2	196.8	248	203.8	113.2	228.1	103.1	204.9	213.6	174.5	145.1	138.4	298.7	278.1	345.2	363.1	188.6	397.2	158.8
321	-9999	27.1	28.2	24.4	54.6	79.7	101	49.8	122.8	49.2	94.3	109.8	101.8	39.2	148.3	182	90.3	218.9	174.1	120.9	304.9	259.2
322	-9999	74.9	24.6	70.9	70.7	30.8	48.3	58.8	24	38.4	71.5	26.9	28.5	8.5	21.8	75.8	55.5	39.1	176.7	141.3	178.6	59
323	-9999	31.3	28.4	25.5	23.7	26.1	20.2	61.2	84.5	114	178	162.8	185.3	32.5	24	12	41.9	152.1	27.3	10.1	27.4	25.5
324	-9999	23.8	28.8	34.7	54.7	49.2	32.7	35.3	20.5	29.5	15.3	10	7.4	22.4	44.8	15.8	32.4	40.4	14.2	21.1	18.6	45.3
325	-9999	5.5	13.5	6.9	21.1	2.6	0.1	2.4	3.5	0.6	40.1	36	24.6	6	0.2	0.9	2.5	1.9	7.5	1.9	3	1
326	-9999	48	38.9	64.2	46.6	28.5	23.1	38.7	22.3	28.2	18.2	12.3	10.3	33.4	23.1	21.4	20.8	14.9	40.3	25.1	13.7	8.1
327	-9999	320.8	176.3	213.5	326.5	149.8	150	387	251.1	402.9	412.6	399.5	338.9	114.5	108.4	97.6	173.1	201.5	158	78.4	134.1	25.8
328	-9999	118.9	214.1	163.3	310.1	195.3	246.3	227	301.4	182.3	120.9	127	114.5	46.7	61.3	209.4	373.3	290	143.6	64.6	140.5	84.4
329	-9999	304.5	279.6	283.1	509	312	368.1	528.2	402.5	440	449	387.2	343.5	412	114.4	229.3	225.3	392.2	519.6	169.4	224	275.6
330	-9999	143.6	243.4	96.4	335.1	223.3	165.2	107	79.2	185.3	183.6	119.9	85.6	594.6	176.4	211.2	229.4	209.1	507.4	371.6	357.9	74.2
331	-9999	197	309.7	227	386.2	388.8	438.4	307.6	355.2	270.5	209.6	306.2	115.2	338.4	305.4	587.4	409.5	411.3	443.5	305	428.3	54.6
332	-9999	66.4	105.1	41	161.2	149.9	224.4	135.2	164.8	122.1	107.3	161.5	18	135.4	227.2	271.4	266	199.8	297.3	127.7	301.3	52.8
333	-9999	125.5	79.6	131.7	88	119.8	214.9	85.2	93.6	103.8	38.8	29.2	22.5	149.8	104.9	171.1	157.9	91.5	188.7	120.8	128	184.6
334	-9999	135.7	99.9	53	42.9	40.2	13.8	53.4	59	65.1	15.6	6.4	18.6	27.8	55.5	56.4	50.6	51.5	37.6	29.5	140.6	35.5
335	-9999	97	109.1	109.6	30.5	78.9	44	82.5	58.8	77.3	115.3	90.3	110.3	29.4	45.6	79.4	91.9	120.7	41.5	15.6	86.6	14.7
336	-9999	6.9	2.9	10.2	1	0.3	9.3	0.3	0.1	0	0.4	0.2	0.4	3.8	1.9	1.2	3	1.1	9	0.6	0	1.1
337	-9999	16.7	29.8	25.4	7.9	16.6	24.8	14.4	5.1	12.8	5.8	6.7	5.9	25	9	7	6.7	5.8	2.8	17.9	0.3	1.6
338	-9999	84	89.1	88.6	81.9	38	30.8	61.1	23.9	39.6	29.7	21.9	27.7	35.2	50.9	14.3	19.9	27.6	23.7	15	9	6.9
339	-9999	302.1	229.9	311.4	234.6	59.9	111.1	195.7	79.8	117.4	70.1	36.6	49.3	33.9	47	43.5	70.3	35.4	56.6	27.7	38.4	17.4
340	-9999	225.5	163.7	181.5	207.8	80.7	159.7	269.3	234	176.8	250	352.5	197.2	68.4	118.1	76.8	125.5	68.3	121	57.6	105	73.6
341	-9999	263.8	239.7	191.6	744.8	197.9	413	371.6	133.3	268.7	105.2	209.6	102.6	446.1	389.9	281.3	238.3	56.2	1189	217.6	566.8	157.9
342	-9999	80	61.2	81.8	279.4	184.8	141.7	122.5	158.1	84.1	63.2	137.3	76.7	322.3	90	194	125.4	129	406.4	139.8	582.6	88.7
343	-9999	71.9	149.5	65.7	382.7	235.8	242.3	247.6	420.3	195.2	74.1	159.6	155.4	211.9	127.2	249	289.4	399.3	180.9	166.4	301.9	78.6
344	-9999	129.5	124.2	128.5	343.4	399.3	453.6	272.7	315.4	206	184.2	286.5	212.6	297.9	176.7	289.8	285	410.4	375.2	330	474.8	280.7
345	-9999	52.6	111.7	80.9	178.5	86.8	88.1	176.9	260.4	165.2	333.2	245.7	261.9	158.9	35	25.8	46.2	49.1	40.2	24.7	43.7	22.7
346	-9999	32.5	69.2	54	105.5	150.4	138.2	57	91.5	44.6	21.1	7.2	15.8	141.6	141.1	167.4	107.3	46.6	134	114.6	212.6	344.4
347	-9999	45.3	21.4	30.2	67.6	89.4	114.9	95.3	56.8	69.1	12.2	19	8.6	99.8	57.2	62.8	68.2	48.6	90.2	118.7	33	95
348	-9999	56.4	12.2	43.4	63	65.4	64.5	82	86.7	84.8	83.3	88.2	50.4	38	51.9	67.6	78.5	93.6	47.5	32.6	69.1	25.9
349	-9999	134	155.9	165.5	187.1	102.7	139.6	138.9	65.9	85	34.7	23.8	27.6	93.6	113	86.5	87.4	43.1	110	55.2	67.4	30.8
350	-9999	45.6	72.5	59.1	13.4	7.3	4.5	12.5	9.6	6	2.6	3.3	5.1	20.2	8.3	1.4	2.6	6	3.4	5	0.4	3.8
351	-9999	47.7	61.3	46.1	73.2	76.8	84.1	78.5	90.8	67.6	23.9	35	19.1	106.8	90.1	74.5	82.7	34.7	105.1	96.8	54	90.2
352	-9999	203.6	208.4	205.3	319.2	207.2	195	291.7	253.4	322.4	258.5	259	225.1	174.1	172.7	191.6	230.3	294.6	156.3	65.8	172.3	119.8
353	-9999	324	379.7	384.4	567.2	635	672.2	526.5	447.5	388.3	377.3	252.1	293.5	266.4	361.3	493.1	420.8	523.4	398.4	188.6	401.4	80.1
354	-9999	133.4	175.1	93.5	358.6	348.4	213.8	239.8	173.2	118.8	47.4	31	25.9	360.6	226.6	145.6	116.2	72.5	95.9	61.3	175.9	71.7
355	-9999	112.9	95.8	109.4	68.8	100.5	75.1	55.5	194.3	41.8	135.1	119.3	53.6	102.9	114.9	162.9	71.2	181.5	93.1	213.5	161.9	160.5
356	-9999	76.5	26.5	51.7	144.7	304.5	130.6	112.1	185.5	138.9	119	214.4	81.7	183.8	103.3	182.2	188.1	321.3	274.6	148	260	268.7
357	-9999	75.9	46.3	59.4	127.3	57.1	61.3	173.4	171.6	122.5	151.8	189.8	268.9	63.6	68.3	96.8	181.1	124.6	123.4	244.5	389.2	124.4
358	-9999	15	6.4	6.9	4.6	10.7	0.2	1	10.4	12.6	28.8	9.2	6.4	28.6	41.2	37.2	11.6	1.5	25.4	51.2	86	214.4
359	-9999	0.8	6.2	3.1	1.9	0.2	8.6	0.4	0	7.1	28.9	21.5	34.9	9	0.1	0.6	3.8	19.1	1.5	17.1	1.8	96.2
360	-9999	17.9	20.4	22.1	62	48.6	53.4	48.7	59.9	40.5	36.1	47	28.3	67.2	61.8	30.8	47.8	38.2	53.7	25.7	41.6	52.4
361	-9999	113.6	118.2	114.3	125.9	84.2	92.3	107.4	66.9	73.7	51.2	39.1	37.7	60.4	68.9	56	61.5	31.9	51.6	43.8	58.2	9.5
362	-9999	188.8	269.1	231.8	199.3	181.4	187.7	205.4	136.2	158	89.4	92.3	66.3	292.1	222.3	240.9	180.9	144.8	358.6	238.2	232.7	99.3
363	-9999	114.8	138.3	109.9	152.8	29	32	54.1	49.4	32.3	15.5	34.4	59.2	25.3	54	34.7	49.5	16.8	41	26.7	59.6	13.2
364	-9999	324.2	246	205.9	290.9	181.2	183.3	418.5	268.3	454.2	358.7	236	362.6	269	147.7	148.1	141.6	181.2	194.5	161.8	216.4	31.9
365	-9999	91	115.1	126.7	140.3	176	108.1	139.5	82.7	91.4	102.9	74.4	79	347.5	242.5	84.9	71.3	58	319	191.2	167.1	58.4
366	-9999	196.6	176.5	213.1	384.2	219.1	194.1	280.8	317.9	268.3	394.7	502.3	687.2	127.7	146.9	266.5	302.3	302.9	229.7	110.8	125.7	208.1
367	-9999	63.5	173.6	120.3	142.5	157.2	142.7	88.8	144.7	144.5	269.4	292.1	275.1	211.5	143.6	188.2	143.5	294.9	770	167	249.1	180.4
368	-9999	47	20.9	41	59.3	48.8	47.1	112	93.7	219.4	650.3	566.7	580.8	43.7	68	61.4	81.5	39.9	76	64.7	223.9	303.3
369	-9999	118.3	157.7	100.9	213.3	73.5	132.7	188.6	176.3	421.3	286.5	230.3	315	50	57.9	300.9	222.2	251.6	219.9	293.8	219.1	117.1
370	-9999	25.5	49.7	47.5	48.3	18.4	26.6	40.7	48	98.4	12	65.5	2.4	5.1	9.2	48.6	53.4	31.1	50.8	83.4	106.3	566.8
371	-9999	116.5	126	124.3	98	116	92.5	48.7	22.9	6.4	2.9	14.2	1.1	140.8	164.9	164.6	107.9	54.5	220.3	100.9	312.9	88.5
372	-9999	6	6.7	0.9	5	0	0.4	7.4	3	5.4	3.4	1.8	0.4	1.2	2.4	0	0	0	0	0	0	10.7
373	-9999	61.9	82.1	73	97.6	58.5	55	62.8	58.2	46.2	32.1	16.2	28.5	49.3	59.8	43.3	46.2	31.8	47.7	32.6	14.9	1.9
374	-9999	38.7	94.2	36.8	18.8	7.1	3.7	23.7	12.7	32.6	21.5	32.7	17.4	3.7	8.5	4.8	6.8	4.4	10.7	7.4	8.1	1.5
375	-9999	185.6	193.9	205.7	80.1	71.3	70.4	98	96.6	107.5	133.3	130	110.4	82.8	94.6	29.1	63.7	44.3	24.8	67.1	19.2	53.3
376	-9999	65.5	51.2	53	58.1	30.1	57.2	48.7	31.5	20.7	22.2	20.7	16.8	69.6	57.2	17.1	58.6	30.7	56.8	37.7	36.9	27.3
377	-9999	112.9	233.3	206.4	219	157.9	179.8	149.5	105	165.7	87.4	43.5	34.1	142.1	135	121.4	259.4	64.8	146.8	76.6	38.4	110.8
378	-9999	124.9	147.3	137.5	159	383.9	445.9	220.8	405.7	232.8	425.6	531.1	206.6	301.8	249.1	507.5	327	357.4	463.4	400.7	607.4	126.5
379	-9999	72.1	86.8	86.7	224	327	219.5	206.2	350.6	356.6	186.3	425.7	191.6	675.2	270.2	335	331.1	391.9	456.3	345	378.3	57.3
380	-9999	97.8	42.7	142.9	160.5	170.9	127.3	187.6	98.9	165.6	172.3	151.7	117.7	211	194.3	345.2	270.2	235	190.6	233.1	168.7	249
381	-9999	197.6	16.5	134.7	56.3	39.3	98.2	199.1	140.4	127.6	201.5	238	153.3	42.7	49.1	84.9	32.5	84.8	114.6	32.7	93	176.2
382	-9999	32	32.6	35.7	39.3	25.2	52.1	2.3	1.8	22.2	56.2	10.3	220.1	3.8	56	7.6	7	60.1	35.6	1.4	50.8	23
383	-9999	32.2	62	26.9	23.2	14.4	17.4	17.2	15.5	8	0.4	3.2	0.1	28.9	9.4	12	17.6	5.5	7	1.6	4.3	32.1
384	-9999	19.3	38.4	35	47.9	35.1	29.3	44	26.4	41	17.1	13.4	19	39.7	34.8	18.7	30.6	18.7	48.4	52	28.6	42.8
385	-9999	113.9	116.7	155.2	158.8	96.4	45.7	44.1	38.2	39.4	44.9	38	36.6	85.9	99.7	60.1	53.5	46.7	86.8	88.7	63.3	23.3
386	-9999	224.9	236.3	218.8	238.2	160.8	211.8	239	122.6	179.7	148.9	149.3	148	148	147.2	108.2	114.5	114.1	163.8	87.7	115.5	78.3
387	-9999	484	277	488	365.6	168.4	163.7	599.6	213.4	485.6	284.3	198.5	241.1	91.6	100.7	114.7	128.6	139.8	56.2	16.1	59.1	1.7
388	-9999	141.6	148.7	220.2	315.4	241.2	281.6	280.4	243	370	295.8	380.9	291.3	187.4	233.2	289.2	207.6	275	334.7	132.8	395.3	124.6
389	-9999	327.5	334.7	306.4	343.5	214.9	309.9	280.3	351.6	283.5	188.4	233	248.6	438.8	210.5	313.3	223.8	255.1	514.5	223.4	297.5	91.5
390	-9999	108.9	289.8	117.2	423.7	198	198.7	305.6	308.1	378	316.8	216	204.8	326.8	298	606	440.7	459.1	787.9	307.5	941	225.3
391	-9999	121.9	152.5	152.1	378.4	226.5	150.6	528.2	235.3	201.6	186.9	298.4	132.3	184.8	147.5	267.8	153	299.3	334.2	189.1	271.8	396.4
392	-9999	26.3	51.2	58.2	114.9	65.4	101.3	123.2	169.1	61.3	289.2	130.4	551.4	104.3	129	116.6	126.9	89.2	120.2	93.6	159.3	152.9
393	-9999	172.6	85.5	90.7	132	130.9	324.4	171.7	145.4	108.4	74	109.4	53.8	193.7	111.1	245.7	244.6	220.4	294.2	266.9	234.6	319.7
394	-9999	1	1.1	0.6	1.3	22.7	10.8	0	7.1	0	0	0	0	4.6	4.1	4.9	17.4	0.1	4.9	0.1	6	0.9
395	-9999	14.6	5.1	1.8	3.9	17.9	0.5	0	6	10	46.1	35.1	85.8	7.5	14.6	0	1.6	5.1	0.6	2.1	0.1	0.4
396	-9999	52.3	67.6	77.2	79.4	46.9	43.2	46.9	35.3	31.7	36.9	21.4	24.1	56.4	53.2	62.8	52.6	47.8	93.6	68.6	79.9	73.5
397	-9999	65.9	68.1	65.7	47.8	27.3	37.7	56.5	42.1	47.5	27.8	17.5	26.4	33.4	35.4	28.6	34.8	24.5	24.6	17	21.2	3.2
398	-9999	92.8	98.9	120.4	71.4	28.5	15	13.8	9.2	19.1	14.1	9.7	7.3	36.9	18	3.3	7.2	2.9	14	11.7	4.2	1.8
399	-9999	139	121.2	140.2	108.9	38.7	74.6	194.4	69.8	180.4	141.9	180.3	119.9	42.3	31.2	26.6	25.5	37.1	44.4	10.1	28.9	19.1
400	-9999	223.4	306.7	393.6	298.2	228.3	396.2	252.7	280.4	302.9	86.5	91	57.1	322.4	164.3	462.1	326.3	168.8	670.7	167.5	263	24.9
401	-9999	387.1	499.8	406	493	291.6	299.7	424.4	182.3	348.6	408.1	422.7	342.5	403.9	242	319.7	169.6	286.3	267.8	320.4	390.6	42.6
402	-9999	464.3	359.8	466.6	840	406.3	601	789.8	501.6	568	330.4	629.2	357.7	526.8	212.7	454.6	690.9	625.7	504.7	231.6	274.2	215.4
403	-9999	47.6	149.9	34.5	165.1	126.6	130.7	32.7	86.5	129.2	43.4	67.5	14.8	87.9	52.5	199	167.1	157.5	331.5	69.6	128.1	38.3
404	-9999	88.6	139.7	152.6	209.3	208.1	119.7	217.7	355.6	88.1	151.3	280.5	99.7	209.6	164.7	334.2	195.3	253.7	325.1	371.3	354	413.3
405	-9999	111	87	116.5	282.4	258.8	357.2	464.1	287.7	379.3	352	503.9	342.7	160.1	128.4	384.8	457.6	649.9	339.9	123.7	849.9	271.8
406	-9999	46.9	89.1	45.4	47.1	53	74.7	8.2	10.4	5	5.9	6.2	2	4.5	23.5	37.8	84.3	86.3	6	64.5	28.3	90.4
407	-9999	51.3	58	83.8	118.4	151.7	123.6	79.5	57	65.8	38.2	25.9	47	25.6	48.3	166.7	296	191.7	169.5	27.4	172.7	132
408	-9999	4	9.2	2.6	13.4	7.3	2.4	17.1	11.8	15.3	16.8	14.1	16.4	6.3	8.1	9.2	15.3	5.8	7.6	5.3	6.5	5
409	-9999	7.3	8.1	15.8	2	1.1	1	0.2	0.6	0.2	13.4	7.7	13.7	3.2	2	0.8	1.8	0.5	2.6	3.1	0.9	1.9
410	-9999	153	123.5	139.8	111	61.3	72.6	138.4	80	110.5	104.5	72.1	95.1	27.5	49.3	34.8	57.7	43.3	43.1	25.4	26.8	7.8
411	-9999	129.6	119.7	144.4	143.7	74.9	59	78.2	54.2	88.9	61.4	34	52.4	85.7	95.7	60.3	63.6	31.9	43.3	74.4	34.8	19.3
412	-9999	226.9	175.8	231.2	508	259.4	239.7	217.2	133.7	235.2	144.1	79.4	88.9	74.2	73.1	10.7	131.9	65.8	27.1	13.4	11.4	0.4
413	-9999	117.1	332.1	172.2	207.2	208.2	124.8	148.5	105.6	213.2	62.4	64.3	58.9	257.4	161.1	104.3	151.2	99.6	215.7	161.5	154.2	108.8
414	-9999	385	414.8	514.7	584.1	418.5	354.3	475.6	263	228	211.1	217.1	229.1	684.1	310.9	324	243.1	329.8	581	380.8	226	433.8
415	-9999	219.5	367.4	359.7	212.6	503.3	379.2	276.2	484.1	241.4	383.4	350.2	388.5	534.9	298.2	562.2	574.5	795	693.8	860	453.8	300.6
416	-9999	152.8	260.4	279.5	379.7	303.6	293.4	548.3	305.4	250.9	608.7	572.7	551.1	363.9	287.4	478.2	446.9	636.7	728.1	403.6	493.8	228.2
417	-9999	83.3	8.1	20.7	89.4	208.1	108.3	97.2	64	125.4	276.3	173.1	121.9	118.4	86.3	284.4	193.2	227.7	163.3	111.7	172.9	463.9
418	-9999	35	14.9	11.4	3.8	6.9	13.8	17.1	0	3.8	0	0	4.1	28.8	0.3	1.9	2.5	8.4	59.7	106.6	124.6	133
419	-9999	9.9	7.5	6.3	2.7	1.1	0.1	0	1.8	1.3	0	0.2	0	5.6	2	0.5	0	0	2.2	0	0.4	2.3
420	-9999	201	92.1	236.4	239.1	99.7	137.2	168.7	126.7	146.5	112.6	59.1	70.7	122.9	81	61.8	131.9	143.6	60.6	21.4	147.1	23.5
421	-9999	74.6	83.7	66.7	55.5	51.6	36.6	42.3	29.4	27.9	22.6	19.4	20	38.2	52	27.8	30.9	24	42.2	26.9	33.4	12.8
422	-9999	121.6	155.1	140.2	117.4	61.1	72.1	86.7	51.7	50	40.4	28.4	32.7	49.8	60.8	35.2	65.3	33.7	54.5	23.2	41.8	18.7
423	-9999	173.1	133.8	114.9	182.1	92.8	104.2	187.8	112	194.2	99.4	77.9	79.6	99.3	51.3	89.9	43	40.3	159.6	99.2	132.3	25
424	-9999	184.3	205.3	135.6	133.1	148.2	129.4	113	99.7	89.4	23.9	29.1	34.3	125.2	115.2	48.6	110.3	111.1	42.9	39.2	74.1	2.9
425	-9999	218.6	134.7	134.4	236.3	113.5	207.9	65	117.2	62.6	86.6	72.6	51.7	103.2	135	98.3	125.7	123.9	105	52.7	63.2	74.9
426	-9999	253.4	382.2	470	419.9	305.3	221	345.1	140.2	269.3	111.2	124.2	128.6	302	257.6	283.2	235	288.5	1173	465.6	577.2	68.1
427	-9999	194.7	120.6	127.9	184.9	271	349	343.4	197.5	294.9	473.6	577.9	426.3	197.8	211	272.1	239	426.6	462.1	215.3	293.6	151.6
428	-9999	123.3	169.5	120.4	226	268	271.8	508.1	477.9	432.5	561.6	1003	773.3	402.4	217.2	511.2	385.2	660.2	567.6	484.5	849.8	352.5
429	-9999	6.6	49.4	17.4	59.6	162.2	141.6	62.2	95.6	52.1	16.1	10.5	4	111.4	193.7	148.1	98.1	102.2	122.5	121.5	234.8	166.8
430	-9999	65.5	328.8	127.6	213.4	267.7	211	87.2	121.4	62.9	70.1	24.9	1.3	262	213.1	222.8	205.9	443	334.2	372	253.3	369.4
431	-9999	24.2	37.1	22.1	8.5	8	3.8	5.6	4.7	3.9	0.6	0	0.4	13.6	25.4	10.1	10.6	5.5	29.9	22.2	36.2	28.3
432	-9999	34.8	19.6	29.7	33.8	17	4	19.5	8.7	9	6.1	11	6.4	15.5	17.4	9.3	5.3	5.3	6.9	45.8	5.2	25.8
433	-9999	36.2	67.9	39.3	11.1	5	15.7	8.8	5.3	3.7	0.4	0.2	5.6	22.5	8.6	1.7	0	0	5.2	1.6	8.6	4.2
434	-9999	91.9	59.3	84.8	75.6	85	45.8	63.4	44.8	68.1	23.3	14.6	21.3	77.9	83.6	58	50.2	29.8	92.5	90.6	39.1	29.2
435	-9999	237.6	248.5	292.7	205.7	93.4	105.3	215.6	75.4	166.7	129.1	98.9	89.4	88.5	99.8	88.4	77.2	84.8	110.8	78.9	87.9	45.9
436	-9999	243.4	256.2	302.1	154.9	255.3	112.4	174.8	168.4	160	188.6	105.2	106	223.3	124.3	402.6	343.9	139.3	289.3	69.2	123.9	21.4
437	-9999	235.9	280.1	246.1	221.6	211	320.6	269.7	265.4	299.5	317	208.8	192.3	186.3	134.4	380.9	210.1	236.2	255.4	107	179.3	44.2
438	-9999	192.4	191.6	155.7	356.4	219.4	273.1	293.4	353.8	217.8	150.2	235.9	122.1	321.2	111.2	448	227.5	274.5	564.3	253.8	436.8	44.5
439	-9999	172.6	175.3	220.3	198.2	283.8	276.8	122.2	216.8	149.3	112.8	202.3	136.7	288.6	151.9	280.6	203.5	238.1	311.3	112.6	179.2	73.9
440	-9999	246.5	253.3	188.5	264	369	378.8	389.5	266.9	298.8	395.2	251.4	281.9	221.8	136.2	229.9	293.8	180.8	535.9	109.6	317.5	97.1
441	-9999	21.2	45	67.7	214.4	162.2	151.6	151.5	88	119.7	33.1	60.1	8.2	123.3	262.4	385.6	400.7	496.2	426.6	279.4	410.2	452.9
442	-9999	0	18.7	5.8	15.8	4.1	0.4	0.3	14	34.2	45.6	48.8	138.2	1.9	0.6	6.5	7.4	3	1.4	33.2	5.4	55.2
443	-9999	2.2	0	2.2	3.1	2	0.1	2.1	1.5	0.4	9.5	2.1	25.5	2	2.4	5.3	2.3	4	8.9	4.1	4	41.9
444	-9999	17.2	23.2	27.9	5.1	1.5	2.8	1	1	0.9	4.2	2.9	23.6	1.5	3.2	0	0.6	0	1	4.9	2.9	3.9
445	-9999	89.4	138.3	84.7	76.6	43.3	65.9	97.5	46.3	55.2	54.9	36.1	53.2	27	35.9	56.8	61.2	34.9	58	24.6	39.9	19.1
446	-9999	104.8	118.3	96.8	121.2	87.4	105.6	104.2	158	115.2	115.7	122	83.1	74.1	107.4	163.1	139.6	121.2	168.1	181.4	134.7	84.1
447	-9999	178	252.4	213.8	131.2	79.8	59.6	142.8	51.1	78.4	115.2	90.3	97.8	129.2	115.2	80.7	51.9	42.9	164.5	151.4	137.2	60.8
448	-9999	159.1	223.7	253.2	273.9	273	197.1	235.8	173.2	285	59.7	88.2	63.1	468.2	237.4	313	141.5	105.8	540.5	308.4	307.9	115.1
449	-9999	217.8	217.3	247.6	296.4	148	165.6	264.2	189	155	193.1	168.4	167	270.8	198.5	204.1	254	260.3	320.9	327.7	325.9	143
450	-9999	202	251	223.6	550.6	265.6	468	553.1	327.8	208.5	365.8	183.3	127.4	233.1	149.2	433.7	415	250.1	174.5	182.6	618.8	204.2
451	-9999	399.8	382	484.6	581.5	384.1	248.4	377	345.2	413.6	402.9	655.4	348.8	683.1	174.5	463.3	569.6	565	1062	163.2	483.9	104.8
452	-9999	155.1	145	200.3	349.9	210	282.4	537.8	374	355	431.7	697.1	562.7	421.6	181.1	422.5	369.9	686.1	320.4	253.4	313.8	240.1
453	-9999	75.9	187.9	122.7	107.3	109	203.6	257.3	228.1	216.1	140	238	144.1	173.7	130	125.8	192.9	187.1	182.9	127.9	130.7	185
454	-9999	72.4	60.8	24.3	74.8	129.4	142.6	70.7	71.2	83.7	1.5	4.5	3.1	109.9	93.6	39.1	85.8	27.4	34	7.5	79	71.1
455	-9999	53.1	40.1	38.9	91.2	12.4	9.7	62	8.3	2.7	52.4	28.8	49.8	23.5	17.3	25.5	44.3	2.2	1.9	0.8	15.5	0.4
456	-9999	67.7	75.2	54.8	96.1	59.8	48.8	97.6	70.7	82.5	89.4	15.3	101.3	24.9	41.6	6.6	12.6	18.4	37.9	14.6	4.1	56.3
457	-9999	138.1	127.5	143.3	81.4	57	73.2	105.7	78.5	81.6	41.6	26.8	43.3	23.6	71.1	39.4	42.3	36.1	32.8	14.2	30.3	2.6
458	-9999	163.6	195	166.1	202.4	67.9	112	215.4	120	180.2	245.4	241.1	274.2	55.1	61.9	114.3	122	118.1	82.3	31.2	62.1	24.4
459	-9999	270.9	221.6	315.5	109.3	40.2	40.8	79.2	88.8	121.3	178.9	115.8	213.6	16.7	40.5	31.6	45.2	32.9	24.5	17.5	33.9	9.2
460	-9999	134.2	183.3	202.3	454.2	345.6	245.3	309.8	301.8	229.8	127	219.4	152.5	224	185.2	171	242	146.1	414.1	153	355.3	49.1
461	-9999	188.1	168.1	291.9	349.7	364.1	305.9	394.6	232	241.9	157.4	126.1	161.9	305.7	241.1	642.5	553.2	338.6	1335	266.2	635.2	99.2
462	-9999	289.7	293.3	431.7	606.9	391.9	369.8	544.8	488.8	379.2	240.4	291.8	170.1	738.5	420.8	662	577.4	454.3	333.2	167.4	339.6	104.5
463	-9999	86.5	77.7	104.3	306.3	185.7	223.1	143.1	193.6	169.3	114.7	136.6	113.1	127.4	109.6	247	177.6	108.6	448.1	257.6	254.4	88.3
464	-9999	82.6	90.7	119.9	108.4	180.9	120.7	44.2	213	133.9	92.3	126	59.3	95.1	57.2	156.2	202.3	343.4	143.1	161.9	152.3	242
465	-9999	77.6	77.6	17.9	66.9	61.8	164.8	179.3	127.6	124.5	167.9	168.2	173	81.5	82.5	177.9	81.1	125.2	128.7	266.6	196.3	91
466	-9999	3	88.1	3.9	15.3	18.4	48.3	46.6	34.9	68.7	159.8	135.6	319.5	75.3	51.1	185.1	9.9	61	87.9	210.3	276.8	199.6
467	-9999	52	30.4	53.4	20.2	15	22.4	19.7	23.2	11	1.9	6.7	1.9	30.2	13.3	53.9	70.6	34.2	40.1	30.5	41.7	4.9
468	-9999	29.1	60.3	12.1	17.1	9	9.8	17.9	39.8	42	56.7	54	49.4	3.8	16.9	8	25	26.5	5.8	4.5	9.5	13.1
469	-9999	65.5	50.8	63.2	51.9	32.8	33.8	43.8	22.3	32.8	17.5	2.8	25.9	10	46.7	11.8	16.9	10.1	16.1	12.8	10	24.6
470	-9999	6.3	19.9	5.4	0	0.3	0	0	0	0	2	0.1	0.2	0	1	0	0	0	1.5	0	0.9	0.6
471	-9999	190.4	85.3	229.6	103.2	61.4	67.1	71.8	18.5	42	16.6	7.7	14.9	97.7	68	57	36.3	22.2	102	56.1	37.7	35
472	-9999	123.4	192.3	119.2	127.4	142.7	116.8	112.5	77.3	171.4	80.6	48.3	58.3	160.5	76.3	118.2	108.7	43.1	206.4	54.3	87.6	10.7
473	-9999	241.4	286.5	203.7	149.7	184.1	189.5	215.2	193.2	214.7	226.7	193.9	170.3	229.7	216	165.5	228.4	144.2	285.5	179.7	200.6	352.5
474	-9999	84.5	291.8	176.1	229.9	186.7	152	224.9	205.8	172.8	296.2	204.9	196.8	410.2	196.9	318.5	239.5	251.3	281.8	169.5	230.5	169.3
475	-9999	201.1	93.6	132.8	355.3	228.1	176.5	112.8	192.4	187.3	281.1	277.4	125.2	216.7	65.6	252.2	137.3	186.8	468.8	202.6	162.6	201.1
476	-9999	181.4	216.1	183	602.7	251.6	491.4	355.3	559.9	323.2	268.1	383.8	253	379.3	202.6	628.5	441.4	668.2	323.5	213	565.2	211.4
477	-9999	251.4	88.6	175.1	188.7	151.6	272.7	131	181.2	249.7	299.3	269.8	207.5	54.8	105.4	272.1	443.2	395.2	294.5	104.2	112.2	79.3
478	-9999	12.9	24.8	5.4	60.2	24.2	40.9	46.5	38.4	34.8	3.6	5.5	18	10.1	5.1	37.9	56.4	36.2	13.4	11.8	113.1	115.3
479	-9999	17.5	42.3	13	15.7	24.7	25.8	12.3	15.1	6.9	0	0	0	49.8	28.1	34	22.9	15.1	13.4	13.7	31.9	35.7
480	-9999	5.5	8.6	7.8	23.4	30.5	53.9	27.3	35.4	23.6	25.7	19.1	38	16.2	40.8	50.1	66.6	30.6	50.5	34	33.9	81.1
481	-9999	44.9	42.5	72.7	22.8	9	10.6	68.2	98.2	90.1	61.9	41.7	43.3	2.3	32.3	32	53.8	124	5.4	2.6	66.1	5.2
482	-9999	66.5	62.9	46.1	54	22.6	29.7	68	30.2	53	32.1	28.2	22.6	8.2	17.2	26.7	44	26.9	23.9	26	29.1	13.4
483	-9999	120.2	115.5	144.2	58.8	34.9	27.7	45.1	36.3	43.6	21	36.3	21.8	69.3	37.6	39.5	46.9	44.3	51.5	50.5	38	54.3
484	-9999	413.8	284	407.6	639.4	250.2	418.7	579.5	541	560	377.2	317.2	228.4	209.7	250.9	497.3	535.1	588.1	226.9	81.2	340.8	93.6
485	-9999	125.9	135.4	77	133.8	226.7	202.9	151.6	115.9	62.2	22.3	76.9	13.8	193.4	111.3	57	61.8	159.2	318.3	309.9	149.1	227.7
486	-9999	144.7	79	168.2	326.5	151.3	197.4	221.6	400.1	330	219.2	338.8	201.5	127.4	122.6	125.4	276.4	220.7	113.4	46	133.7	51.8
487	-9999	137.1	220.2	196.9	385.5	260.4	288.9	262.7	246.4	129	256.1	223.2	150.5	149.4	113.5	413.8	304.7	407.3	181.6	144.4	501.8	248.9
488	-9999	110.4	28.9	78.9	292.3	103.9	185	224	371.5	381.6	224.9	317.7	161.9	146.9	67.5	223	196.8	464.4	377.4	135	482.2	162.6
489	-9999	107.1	54.1	157	153.9	50.1	56.7	154.1	229.8	114.6	96.4	82.2	155.6	99.5	29.2	21.8	32.5	106.3	75	101.1	49.8	279
490	-9999	99.4	220.7	133	112.2	113.7	288.5	109	109.5	95.9	15.8	32.4	1.7	172.5	227.3	203.3	326.1	128.1	234.7	210.1	183.5	480.4
491	-9999	33.6	43.8	42	54.1	51.1	34	16.8	40.6	21.9	84.4	58.3	65.3	8.7	33.6	77.7	55.6	81.1	57.8	10.7	88.7	24.8
492	-9999	32.1	3.9	42.2	35.2	44.3	43	53	71.9	82.8	75.4	51.9	76.4	42.7	38.2	56.6	76.7	72.7	43.1	29.8	69	26.1
493	-9999	85.9	84	80.5	106.8	96	67.3	90	38.4	70.1	36.2	35.6	40.8	82	90.7	22.8	57.3	38.9	18.9	18.8	34.9	10.1
494	-9999	103.5	86.2	78.5	95.2	72.8	85.7	81.1	41.4	52	5.1	8	2.4	112.7	86.8	41.6	52.7	21.1	48.5	59.6	16.1	37.2
495	-9999	168.1	159.7	127.1	81	66.3	92.5	91.9	54.2	73.6	70.1	40.1	53.2	28.7	76	40.6	55.9	48	21.9	30.7	11.2	72.9
496	-9999	254.6	354.4	317.7	420.5	142.3	274.5	314.5	261.7	296.1	198.8	218.9	191.6	293.1	176.5	186.7	137.5	194.2	151.9	115.7	68.7	30.5
497	-9999	140.3	292.3	194.4	244	349.2	406.1	277	186.1	293.6	245.5	282.1	147.8	367.5	221.1	302.5	224.1	186.1	310.8	246.6	281.2	167.5
498	-9999	185.9	567.7	315.2	593.3	303.5	478.8	471.7	628.1	385	391.3	571.1	248.1	393.3	162.4	644.7	623.3	939.9	1443	300.1	779	354.8
499	-9999	155.4	220.5	201.1	339.7	440.9	415.4	495.9	389.5	304.1	366.9	393.1	303.5	342.6	432.7	504.5	580.9	611.8	793	698.4	626.5	692.7
500	-9999	165.4	276.7	160.3	304.7	129.2	382.3	249.2	367.8	197.8	390.3	296.9	257.4	189.7	225.9	427.3	301.6	335.5	172.5	292.6	325.2	224.9
501	-9999	83.3	66.6	97.2	172.6	180.2	335.4	114.5	295.3	94	177.5	232.3	158.8	98.9	161.2	477.8	319.6	321.6	393.2	616.2	551.1	178.3
502	-9999	17.7	27.5	18.7	5.6	44.6	37.1	42.9	2.2	9.3	43.1	1.3	0.8	33.1	37.1	1.6	18	2.2	6.9	14.6	0.1	109.8
503	-9999	23.4	122.5	49.9	20.6	14.1	19.7	15.4	9.7	7	4.1	3.4	4.3	15.9	19.6	12.3	44	2.6	12.5	13.5	2.4	34.6
504	-9999	52.2	47.8	49.2	58.8	50.1	84.1	62.8	46.1	45.3	19	23.4	13.4	45.6	57.5	105.1	115.6	45.1	108.1	139.5	83.2	99.3
505	-9999	86.8	60.6	68.7	55.5	44.3	44	38	35	32.2	27	21.6	13.5	39.9	44.9	23.5	27.1	17.9	24.1	22.9	5.2	1.5
506	-9999	77.2	82	60.5	33.1	11.5	5.4	18.3	8	8.3	3	3.5	3.3	13.2	19.1	7.1	9.5	9.4	12	10.3	9.7	0.2
507	-9999	122.8	111.4	91.7	138.1	63.6	94.1	70	66.6	72.3	25	17.8	14.3	120.4	83.7	140.5	119.7	58.8	108	38	91.7	94.8
508	-9999	105.2	110.8	90	67.5	27.8	33.9	33.4	18.5	16.5	14.5	1.6	5.2	64.3	20.3	16.5	16	4.7	32.5	38.3	16.3	0.9
509	-9999	140	191.9	262.4	382.7	61.8	311.5	201.1	94.4	162.4	44.4	197.6	76	165	77.1	140.7	147.7	293.6	147.1	517.2	118.8	135.6
510	-9999	161.1	218.2	183.1	316.6	131	238.2	192.1	103.5	130.7	67.1	131.2	20.3	353.3	254.6	263.9	157.4	138	421	214	320.2	150.7
511	-9999	167.7	505.3	288.9	495.6	288.4	326.1	393.2	183.9	264.8	298.9	469	204.7	628.4	225.1	378.6	268.6	322.3	516.9	538.9	346.2	326.5
512	-9999	253.9	338.2	242.2	205.5	297.8	299	387.2	401.5	267.5	522.8	433.4	212.3	289.6	374.2	407.7	291	423.5	481.9	445.2	179.8	333.6
513	-9999	119.6	69.4	111.2	222.2	234.9	300.2	114.6	298.6	146.7	252.1	235.5	219.1	281.5	370.5	478.8	571.5	442.7	841.8	494.3	800.7	616.1
514	-9999	304	279.2	201.5	115.4	200	128.8	91.9	34.6	57.6	6.4	4.7	6.9	91	100.3	102.2	97.6	99.3	240.3	188	279.2	106.2
515	-9999	82.7	88.8	98	121.7	34.4	35.3	72.1	36.4	57.7	71.1	50.7	58.2	60.6	47.4	46.8	19	20.2	43	37	17.4	21.8
516	-9999	82.7	117.2	116.7	143.3	85.4	50.2	69.5	44.3	54.8	77.4	49.7	61.1	46.5	66	99.1	70	53	98.7	65.4	111	18
517	-9999	90.1	101.7	83.8	50.2	30.3	33.1	43.2	26.1	28.6	42.6	27.4	38.4	35.3	36.8	16.6	15.2	14.3	18.6	30.1	12.7	12
518	-9999	17.1	40.4	28.4	10.3	13.4	7.7	18.1	10.2	12	7.2	2.8	1.4	8.6	19	0.9	4.9	2.6	2	1.8	6.3	0.5
519	-9999	99.6	82.5	119.6	95.8	60.9	64.7	89	33.2	72.4	40	47.3	44.7	41.9	73.9	38.3	66.4	48.9	49.8	48.1	33.3	39.9
520	-9999	219	202.2	175.4	109.5	84.3	60.1	210	74.6	181.1	182.7	73.7	179.5	62.9	48.7	65.8	48.5	18.7	70.7	19.6	72.7	13.9
521	-9999	261.5	214.5	311.4	324.4	104.1	189.5	176.9	280.5	138.5	227.7	281.1	160.2	128.7	109.2	237.1	401.9	271.8	89	65.9	180.1	107.4
522	-9999	259.5	272.1	280.4	366.5	352	329.8	402.3	414.3	291.7	298.7	268.9	183.7	456.7	157.8	439.2	408.2	396.2	483.8	203.7	810.5	184.9
523	-9999	39.7	17.9	66.7	34.2	79.2	61	40.9	121.9	78.7	37.8	38.8	11.2	99.1	99.6	107.7	59.4	83.4	149.3	131.6	121.9	167.7
524	-9999	127.4	189	177.5	194.4	208.6	189	205.4	324.2	227.2	268.5	323.6	179.1	199.2	157.6	250.3	301	319.5	384.2	245.1	423.7	239.9
525	-9999	141	136.6	115.6	106.5	257.2	367.8	139.1	266.2	206.5	291	297.2	251.2	105.6	216.4	359.8	512.5	388.9	334.3	146.6	335.3	367.9
526	-9999	0	3.3	1.2	8.1	0.3	3.3	16.6	45.7	1.8	10.3	12.4	0.7	0	0.5	5.4	54.6	45.6	3.1	2.3	11.2	11.1
527	-9999	22	11.9	14.1	17	61.5	31	27	12.5	40.8	3.9	1.8	2.6	8.3	16.8	7	6.4	16.4	72.3	12.8	25.2	43.9
528	-9999	5.3	16.6	14.1	1.7	0	1.7	2.7	0	0	0	0	0	0.9	3.5	1.3	1.1	1.8	0.8	0	0.5	0
529	-9999	73.4	77.8	74.7	57.2	80	59.9	26.5	30.9	31.6	21.7	19.8	25	43	77.7	39.6	60.3	38.8	28.1	30.1	33	2
530	-9999	55.3	55.1	59.9	58	64.4	54.1	62.2	54	65.9	62.2	49.9	42.7	61.8	57.2	69.2	71.1	66.5	72.3	67.3	52.9	51.4
531	-9999	62.4	53.3	62	94.1	51.9	41.1	54.5	21.1	65.1	26.9	25.2	21.7	20.2	17.4	39.7	65.8	95.4	49.8	9.1	39.7	6.1
532	-9999	199.5	218.8	209.9	296.4	218.7	173.6	234.2	137.3	130.8	78.9	89.6	69.6	175.7	108.3	132.4	168.1	89.6	189.5	117.1	212.4	47.9
533	-9999	190.8	344.2	286.5	299.7	299	347.5	177.5	186.1	141.9	120.7	166.9	99	394.9	213.5	241.1	185.3	207.5	853.1	581.7	262.3	157.8
534	-9999	189.2	222.1	161.4	176.5	142.4	259.3	158.2	59.7	172.3	63.1	63.1	101.4	122	91.7	96.4	153.5	104.4	125.5	62.5	65.6	66.6
535	-9999	218.6	180.2	231	309.1	243.3	326	218	252.3	157.9	314.1	333.1	183.7	314.5	176.2	293.3	219.6	247.4	189.2	107.8	250.4	109.7
536	-9999	45.3	106.7	114.5	190.2	236.4	226.5	204.7	228.1	363.1	234.3	276.3	172	247.2	83.8	217.2	358.5	339.9	247.5	152	511.8	223.9
537	-9999	23.4	36.4	11.8	7.5	23.4	132.7	206.2	202.3	95.3	204.9	246.4	266.1	83.7	108.4	110	155.5	108.7	43.3	172.4	79.2	140.2
538	-9999	0.1	0	0.3	0	0.1	8.1	0	0.1	2.9	1.1	10.1	0.3	0	0	0	1.6	0.6	7.8	4.3	6.4	15.2
539	-9999	31.8	33.9	17.2	20.8	14.6	6.4	2.7	0.8	6.5	6.4	1.2	10	30.4	16.4	2.8	1.9	0.5	8.9	27	0.7	16.9
540	-9999	15.9	23.7	22.6	2.8	0.6	1.3	3	0.6	1.4	22	6.5	35.6	1.3	3.2	0.2	0.2	0.1	0	9.6	0	8.8
541	-9999	12.4	21.7	19.4	13.6	10.2	8.4	16.4	4.1	3.1	0.8	0	0.3	20.1	10.8	7.4	6.4	2.5	13.7	16	14	6.6
542	-9999	128.7	93.7	74.4	80.5	19.2	35	87.8	26.4	55	105.4	70.7	98.1	27.5	22	31.3	32.2	18.9	30	11.4	19.5	1.6
543	-9999	190.1	221.7	212.3	182.5	125.3	121.2	177.9	88.3	177.3	123.9	84.1	113.2	107.4	84	61.9	72.6	48.3	87.7	26.4	38.4	12.1
544	-9999	217.1	209.8	184.7	169	243.4	209.1	102.4	214.2	141.7	46.8	60.6	41.5	102.7	93.6	63.4	79.3	42.9	68.2	92.3	38.8	12
545	-9999	291.1	412.2	419.3	580.9	556.5	395.2	292.4	318.1	273.6	216.7	253	145.7	320.8	227.7	228.7	304.5	379.2	235.7	119.1	460.9	42.7
546	-9999	395.9	354.9	535.2	648.8	438.4	581.5	1097	557.6	512.1	494.5	663.8	538.3	277.6	254.9	562.8	396.8	469.9	511.2	257.9	886.3	112.9
547	-9999	92	62.5	79.5	95	88.2	131.5	50.1	217.2	155	100.4	186.2	95.9	115.6	112.9	270.5	340.1	326.6	201.3	90.4	199.1	93.2
548	-9999	153.7	100.2	124.5	109.7	121	371.2	142.3	207.6	201.3	393.8	495.5	441.9	165.1	176.6	258.3	296.8	587.3	264	343	540.9	240.8
549	-9999	75.9	69.7	46.9	46.4	274.1	128.9	60.4	70.6	54.9	80.2	170.5	131.3	183.6	80.2	275.5	255.5	231.8	200.6	334.4	376.4	197.7
550	-9999	21	10.6	6.8	0.1	0	0	0	0.5	2.6	55.1	19.3	25.3	22	0	1.8	0	21.3	0	29.6	12.5	26
551	-9999	46.5	46.4	55.9	3.1	25.1	2.6	0	0.8	0	5	3.2	10.5	8.7	81.4	13.4	5.4	14	31.2	2.1	16.5	21.9
552	-9999	16.2	32.6	13.3	7.6	3.8	1.6	7	3.8	6.9	8.7	4.9	7.6	5.6	7.8	1.1	2.6	0.9	1.3	0.5	5.5	2.2
553	-9999	10.1	31.1	22.1	11.7	5.6	9.5	8.5	9.5	29.9	28.9	22	32.9	8	5.3	14.5	17.4	20.6	8.9	4.7	19.9	3.5
554	-9999	94.1	116.1	94.2	124.5	89.7	99.3	127.7	81.5	128.1	73	42.5	52.6	79.2	81.7	69.2	54.6	48	51.7	8.2	28.1	40
555	-9999	150.8	145.3	169.5	236.7	103.1	96.6	315.6	116.2	266.4	227.9	152.5	200	93.8	52.5	58.3	77.2	62	107.5	114.1	98.2	28.5
556	-9999	227.2	185.8	162.4	202.5	37.9	170.6	142.6	134.5	176	302.9	240.8	205.4	66.2	93.9	86.5	63.8	123.2	45.3	9	43.3	86.4
557	-9999	229.4	297.7	286.4	502.6	333.8	638.8	431.4	496.4	394.6	591.6	466.9	543.1	343.1	211.9	488.7	432.5	279.7	683.8	358.3	725.2	53
558	-9999	151.7	194.7	281.9	342.2	388.7	288.3	428.9	538.2	575.4	340.6	499.6	373.7	325	244	351.5	253	385.3	241.1	144.4	307.3	276.5
559	-9999	373.4	442.3	377.7	396.7	312	264.3	383.8	618.2	458.7	453.3	421.8	406.4	354.6	371.3	254.3	325.3	248.2	147.4	99.6	346.8	194.7
560	-9999	55.3	224.3	122.2	134.5	234.4	223.4	130.9	305.2	157.1	184.4	217.7	117.8	425.4	291.1	441.9	296.9	288	427.9	325	295.3	304.7
561	-9999	141.8	95.6	65.6	99.4	103.5	159.5	67.2	82.7	100.8	99.2	179	67	14.2	53.9	45.9	274.7	372.8	77.5	166.1	88.8	55.8
562	-9999	7.3	17.1	3.2	115	8.8	86	56	16.5	108.2	0	2.8	0.2	15.2	10	31.4	23.7	10.8	28	80.8	12.2	44.9
563	-9999	158.1	152.6	172.3	116	85.3	101.6	86.8	65.9	109.8	91.4	96.6	128.5	111.9	87.8	26.9	47.1	78	22.4	55.8	117.1	130.7
564	-9999	34.5	29	25.3	22.8	24.2	37.8	53.8	43.4	58.6	114.5	119.5	73.3	11.2	15.1	14.5	31.7	19.9	12	5.7	3.3	4.1
565	-9999	42.3	70.5	36.1	31.8	36.5	23.9	22.3	6.2	13.3	44.4	37.6	38	32.7	34.5	8.4	5.1	21.4	32.1	41.5	11.5	5.3
566	-9999	81	83.9	122.1	64	56.9	25	38.6	29.3	34.1	25.9	14.9	13.2	25.9	26.9	16.3	20.9	21	34	41.5	22.3	9.8
567	-9999	151.1	144.4	189.1	143.4	59	44.5	101.6	63.9	74.3	31.2	23.4	20.3	25.5	33	24.1	28.3	15.5	19.1	71.7	13.7	14
568	-9999	134.7	149.3	273.5	180.8	172.8	184.9	247.4	198.8	250.9	213.7	160.1	175	146.4	129.5	100.5	124.2	141.1	99.3	141.6	116.4	94.6
569	-9999	127.9	134.3	151.6	354.4	210	193.7	173.8	322.5	158.3	108.7	237.6	85.3	319.8	174.5	271.5	305.4	254.3	257.4	222.4	239.6	87.4
570	-9999	265.1	230	273.9	574.8	228.8	319.8	586.9	520.3	602.5	391.4	770	321.8	231	239.1	282.1	539.8	475	385.1	73.1	205.2	99
571	-9999	26.4	25.5	34.5	76	74.8	80.7	44.9	83.9	52.7	48.4	34.3	8.3	48.8	104.7	89.4	74.8	149.8	113.2	61	203.7	12.6
572	-9999	233.2	151.2	164.1	322.9	237.1	309.5	442.5	531.3	465.7	517.1	505.1	475.8	212.4	225.9	314.2	310.1	387.8	253.4	349.1	527.2	712
573	-9999	67.5	80.7	166.4	93.1	135.1	151.5	89.7	130	188.1	90.7	165.2	95.8	58.8	57	54.7	117.1	59.9	202.1	81.5	218	102.4
574	-9999	19.5	15.4	16.5	11.1	15.7	18.6	21	8.8	20.3	1.3	81.8	2.2	11.1	9.8	13.6	24.6	30.8	41.2	32.9	164.4	167
575	-9999	5.3	7.7	5.8	12.9	13.4	2	7.5	4	18.5	4.1	0.6	6.2	0.8	10.4	0.9	8.9	14.7	0.1	1.4	1.7	0.3
576	-9999	37.2	73.7	68.7	36	12.3	16.2	22.3	11.3	13.2	5.3	2.4	2.5	9.6	24.3	18.3	8.8	10.2	15.7	30.6	8.7	0.2
577	-9999	95.3	156.1	98.6	104.3	85.4	98	84.2	56.5	77	16.7	7	7.5	104.1	103.8	75.4	111.9	51	55.4	52.5	8.6	13.5
578	-9999	89	83.6	73.7	40.3	47.1	49.9	68.1	47.5	79.6	43.7	29.2	34.1	37.5	55.5	23.1	27.3	33.4	22.6	9.2	17.2	9.6
579	-9999	179.4	143.3	145.5	106.5	81.2	70.9	57.2	53.4	32	26.3	38	8.8	67.6	130.2	48.3	57.1	42.5	85.6	81.7	40.5	12.4
580	-9999	257.3	173.1	158	191.7	189	111.7	163.5	158.8	189.2	301.9	259.7	236.4	178	84.5	125.2	197	144.4	159.8	99.9	278	83.6
581	-9999	160.6	96.1	151.3	315.6	523.2	285.2	243.1	255	259.5	198.7	118.7	69.3	297.5	211.8	296.9	176.8	143.1	433.1	359.3	95.6	59.3
582	-9999	346.4	546.3	484.9	1011	616	834.6	766.8	782.6	641.2	720.9	933.1	497.7	779.2	433	1038	931.4	1395	879.6	543.3	1445	115
583	-9999	181.6	153	95.2	279.4	177.6	170.3	326.6	248.2	438.6	486.2	643.6	280.9	336.2	251.5	285.3	146.4	346.5	313.5	191	491.8	53
584	-9999	48.7	93.9	34.6	89.3	157	188.4	75.8	102	115.4	162.6	172.9	154.6	251.2	150	336	225.5	214.6	446.1	320.9	603.4	591.2
585	-9999	45.6	48.1	111.4	107.3	221.1	262.6	124.1	101.8	134.3	80.9	90.4	21	174.6	214.6	232.7	111.6	169.5	289.8	170.8	166.4	300.7
586	-9999	56.8	108.7	98.1	100.8	62.4	136.4	119.3	114	134.7	59.4	99.8	82.8	61.3	52.8	109.4	98.1	147.6	87.7	138.7	169.3	452.2
587	-9999	37.1	97.4	71.1	53.9	25.7	61.9	30.4	16.7	12.6	9.8	6	20	30.5	38.5	34.6	4.4	17.9	106.5	29.2	10.2	16.1
588	-9999	8.5	8.4	16	14.8	18.6	14.1	8.2	2.8	0.4	16.5	21.3	11.1	30.9	31.4	5.2	3.3	4.2	8.4	24.4	6.5	31.8
589	-9999	23.4	27.2	25.6	17.6	11	5.4	5.3	0.5	4.8	1.3	0.1	0	14.2	12.7	3.8	4.6	0.2	13.7	13.5	1.3	1.6
590	-9999	0.5	1	2.3	12.2	0.4	0.6	0.4	1	0.5	6.2	3.1	13.8	1.7	3.5	0.7	1.9	1	3.1	0.1	3.1	5.3
591	-9999	116.3	131.4	133.4	189.9	143.3	207.7	122.5	223.6	157.2	118.6	140.7	113.2	95.2	106.9	106.4	129	176.3	105.3	72.6	67.9	125.7
592	-9999	127	179.7	182.7	219.2	177.2	108.8	157.4	102.9	88.1	127.2	106.8	68.6	115.7	166.5	129	216.8	125.5	197.5	66.8	116.7	264
593	-9999	141.8	231.6	190.2	165.6	249.7	210.9	170.9	113.8	76.7	7.3	8.7	7.6	301.3	236.5	575.5	413.7	268.8	437.7	186.9	591.4	66.9
594	-9999	292.6	252.8	294	507.5	158.1	273.7	253.1	393.4	265.7	205.8	374.2	271.9	191.5	117.2	417.8	352.9	192.9	834.4	358.4	314	87.5
595	-9999	163.2	203.7	148.2	214.5	204.7	221.6	125.5	142.6	162.1	187	125.6	157.5	390.7	279.6	327.1	308.8	254.9	168.4	390.8	217.3	97.3
596	-9999	73.2	42.3	63.3	150.2	228.3	230.1	103.1	290.1	108.5	75.3	96.5	89.1	231.9	245.9	483.8	252.9	217.4	646.3	477.7	738.3	606.2
597	-9999	22.5	64.5	30.6	127.3	114.7	39	40	231.5	38.2	119.5	117	49.1	239.5	285.1	191	263.2	282.4	270	188.5	519.2	342.2
598	-9999	0.2	0.9	0.2	0	38.5	26.4	0	11.7	0	0	3.5	0.4	4.2	25.9	28	12.3	18.6	43.4	8.1	118.9	324.3
599	-9999	116.6	124.1	136.2	151.3	59.3	101.2	73.1	48.7	36.8	37.3	32.4	48.3	33.5	44.2	27.4	31.4	32.6	30.8	13.8	18.6	0.9
600	-9999	60.6	42.8	68.8	117.8	55.2	47.2	134.7	62.1	77.4	42.4	29.1	54.6	52.5	35.1	53.8	56.1	40.4	67.1	55	44.5	3.9
601	-9999	135.5	222.2	216.2	131.6	57.8	69.5	85.5	50.7	61.2	32.8	25.9	30.5	58.5	49.4	30.7	43.5	27.8	36	67.9	34.2	7.6
602	-9999	100.7	51.8	109.8	78.4	44.5	71.7	120.3	68.9	91.5	76.6	52	60.2	32.2	19.8	88.3	119.4	97.9	105.8	25.7	101.8	3.1
603	-9999	84.2	49.6	148.3	82	11.8	19	71.9	25.5	37.7	16.5	8.6	10.8	10.6	21.1	17	16.3	33.9	14.8	4.4	34	1.9
604	-9999	197.9	286.6	214.7	273.2	197	256.7	292.2	194.8	116.6	93.3	117.3	73	314.7	189.3	199.4	159.7	112.1	229.7	259.6	147.6	42.2
605	-9999	434.9	396.2	593.2	492.7	228.1	584.5	330.4	153.8	261.3	196	234	197.7	248	293.6	330.5	304.9	225.3	676.8	292.2	174.4	54.4
606	-9999	356.4	462.1	365.7	603.9	273.9	322.7	493.6	385.8	358.3	399.1	439.8	383	408	219	440.7	287.7	223	327.2	248.3	904.4	53.5
607	-9999	58	54.2	116.2	116.7	167.3	164.9	90.9	205.7	150.4	136.1	164.3	99.8	151.1	292.8	183.1	231.7	352.9	173.3	255.5	106.7	111.2
608	-9999	163.6	66	61.2	128.4	107	250.5	63.4	52.8	140.1	39.3	48.7	16.9	169.2	37.3	139.3	162.5	99.6	533.5	184.3	365.8	188.2
609	-9999	80.7	159	184.4	396.5	232.9	558.6	359.5	330	360.7	255.4	367.6	392.2	358.5	268.9	554.7	431.6	383.1	593.2	425.6	723	117.7
610	-9999	6.6	12	9.8	7.6	70.9	28.9	62.8	52.7	14.1	49.8	45.4	22.3	9.2	41.5	100.1	143.7	37.8	53.7	23.3	106.4	638.2
611	-9999	3.3	9.8	1.3	1.7	0.5	2.1	3.8	14.6	11.8	26.2	49.2	18.8	2.3	0	6.2	14.7	24.3	15.6	23.9	29.1	22.4
612	-9999	72.6	107.8	82.7	41.4	27.9	24.5	36.1	30.4	37.8	29.2	14.1	28.1	20.6	37.3	17.7	23.2	16.3	22.8	15.3	24	18.8
613	-9999	18.3	29.7	18.6	18.5	20	26.6	17.9	12.6	14.9	3.1	9.1	6	16.3	23.6	23.6	25	11.1	16.3	9.8	4.6	2.7
614	-9999	71.5	54.7	69.9	34.8	46	45.2	36.7	38.7	34.8	17.4	30.1	16.8	32.4	44.2	30.4	37.6	23.3	46.8	45.4	30.2	16
615	-9999	96.8	98.5	104.8	91.8	62.9	49.3	57.8	29.3	30.5	28.9	19.7	15	56.9	58.8	37.6	32.2	15.3	39	35.4	25.7	31.4
616	-9999	44.3	24.3	36.2	37.9	84	27.9	40.8	30	57.3	25.4	29.2	35.4	126.4	55.3	81.5	56.2	45.9	56.9	13.8	50.1	11.7
617	-9999	397.3	404.1	483.9	391.3	223.2	185.3	392.6	163.6	244.4	122.3	186.5	81.9	238.7	138.6	207.4	225.6	158.7	292.4	314.6	445.8	35.1
618	-9999	35.8	248	149	296.5	326	493.8	217.7	450.8	186.2	338.9	291.4	189.1	437.5	133.8	417	403.7	398.3	684.7	179.8	283.9	229.4
619	-9999	188.6	115.7	188.6	216.1	196.5	363.5	241.3	295.9	202.3	125.1	189.2	154.8	225.5	215.6	310.5	210.9	245.5	274.8	212	276.6	582
620	-9999	108.7	82.5	28.7	43.5	32.3	37.4	44.8	73.5	118.6	42.2	93.2	57.7	76.3	68	85.3	145.6	93.6	202	219.5	64.7	47.4
621	-9999	119.9	172.2	85.6	197.5	113	183.9	90.8	169.5	98.8	79.2	64.3	7.8	148.2	89.7	114.7	115.7	117.2	231.4	155.7	232.8	277.1
622	-9999	93.1	149.4	184.1	152	96.9	154.7	146	80.7	157.1	8.9	44.2	7.3	48.7	77.5	68.2	83.2	88.1	134.4	93.2	180.7	446.9
623	-9999	72.2	27.7	87.5	73.2	75.5	64.6	110.7	116.3	124.4	233.1	238.6	185.8	73.8	71	61.4	124.4	72.6	61.3	52.2	50.9	50.8
624	-9999	7.6	8.9	6.1	0.7	0.9	0.1	0	0	0.3	2.5	4.3	3.1	0.3	1.2	0	0.1	0.1	0	0.8	4.1	3.8
625	-9999	132.1	121.3	129.9	104.5	77.9	72.6	65	54.1	74.5	48	29.3	37.6	54.9	73.9	47.3	52.9	47	59.6	53.1	35.5	30.1
626	-9999	142.4	80.9	163.5	66.8	46.4	70.8	88.8	48.4	76.5	76.8	74.8	68.9	32.7	37.6	30	67.3	49.2	67.4	19.4	61.1	2.2
627	-9999	175.8	187.1	168.2	134.5	43.2	63.9	77.4	44.6	56.5	29.9	17.2	14.8	36.6	55.2	15.2	26.7	19.6	28.8	30.1	14.5	6.4
628	-9999	385.9	299.6	350.3	440.6	280.8	365.2	459.6	258.6	356.2	154.7	341.4	222.6	617.6	217.3	411.5	473.8	256.2	477.3	253.8	494.3	60.6
629	-9999	205.2	201.3	234.4	265.8	211.8	291.1	462.5	137.6	357.1	151.1	162.5	85.1	290	144.4	204.5	258.1	117.7	145.2	225.9	255.2	336
630	-9999	298.6	344.8	372.4	368.7	399.9	302.9	221	211.1	172.9	248.8	276.6	137.4	327.1	257.9	378.6	222.7	271.8	396.2	401.5	384.2	312.5
631	-9999	53.5	51.6	98.7	89.7	214.3	136.6	119.8	200.1	146.1	183.7	233.2	110.8	215.1	226.3	411.7	476.6	417.7	385.8	334.6	621.5	185.4
632	-9999	122.5	112.5	95.8	72.2	223.8	184	84.2	70.1	147.3	64	182.4	102.7	119.5	103.1	169	133.5	165.7	212	405.3	217.3	300.9
633	-9999	65.8	28.5	82.8	134	142.8	69.4	81.3	48.7	62.1	66.2	67.3	52.7	214.1	55.2	169.7	135.6	26.8	122.8	153.6	220.7	96.7
634	-9999	77.5	57.7	72.9	107.2	104.1	42.8	46.8	21.5	20	9.6	5.5	15.8	54.6	106.7	67.6	79.2	35.4	147.4	145.3	79.2	129
635	-9999	199.9	181.2	177.4	217.8	125.6	168.8	188.5	134	214.4	145.4	124.9	129.2	235.6	175.4	138.5	118.5	106.5	175.8	103	117.5	33.2
636	-9999	106.8	91.1	107	71.9	48.6	45.8	40	44.6	43.4	68.9	62.3	71.8	42.2	80	66.3	57.1	41.2	60.6	41	26.5	19.8
637	-9999	13.4	26.8	10.4	7.9	4.8	3.8	0.2	5.5	0.3	0	0	0	6.8	5.3	4.7	5.1	7.9	9.3	17.9	4.9	5.3
638	-9999	26.5	21.3	40.1	39.1	24.1	8	15.3	4.3	4.4	1.3	0.1	1.2	11.9	15.6	2.8	6.6	0.3	2.8	3	0.3	2
639	-9999	144.8	224.4	215.3	245.9	220.2	174.2	175.3	116.4	142.8	84.3	84.2	72.8	159.7	189.8	186.5	150.4	141.9	256.7	85.3	221.8	68
640	-9999	211	209.1	207.3	237	198.7	282.8	285.5	266.9	251.8	226.6	273.5	200.3	386.8	139.3	212.3	177.8	282.4	296.1	204.7	117.4	123.2
641	-9999	180.7	423.9	396.2	597.2	186.2	300.6	545.2	336.9	398.2	410.6	654.4	378.5	502.9	161.7	474	403.2	305.5	488.5	144.5	339	93.8
642	-9999	183.1	161.2	156.1	209.5	95	228.2	218.7	219	256.5	381.1	425.4	252.2	209.5	153.6	107.1	172.6	326.3	178.6	123.9	285.3	49.5
643	-9999	142.4	49.9	42.5	243.2	205.3	318.9	186.6	333.2	299.1	132.9	193.4	136.7	293.5	143.5	242.7	313.3	231.2	469.9	325.8	360.6	430.3
644	-9999	175.1	527.2	322	539.6	316.4	395.5	392	545.3	414.8	395.9	620.4	252.8	382.7	231.6	470.4	554.6	540	529.3	456.8	332.7	166
645	-9999	50.6	104	49.5	189.8	164.9	231	113.5	192.6	191.8	114.1	251.5	202.3	108	160.9	126.5	181.2	179.8	375.8	153.9	592.4	421.2
646	-9999	7.7	3.1	2.2	1	3.1	5	0	0	9.4	0	0	26.2	0.3	3.6	0.1	1.8	26	18.6	11.2	5.4	86
647	-9999	36.8	113.4	51	48.1	134	42.2	35.2	28.4	30	81	49.6	68.1	84.2	129.4	67.1	81.5	41.2	91.7	94.7	87.1	141.4
648	-9999	152.6	153.9	161.4	152.4	173.3	105.2	170.2	145.1	129.2	60.4	51.2	71.4	156.1	179.5	113.4	112.1	121.1	143.5	160.1	86.7	96.5
649	-9999	9.8	12.4	1.8	0.1	0	0.7	0	0	0	0	0	0.7	0.3	0	0	0	0	0.1	0	0	0.2
650	-9999	64.4	64.4	65	68.3	43.4	33.7	55.9	38.5	32.1	42.4	41.9	26.9	27.6	25	29.4	41.6	32	40.8	9.8	20.7	17.8
651	-9999	118.8	149.7	148.1	236.4	278.6	274.6	237.7	255.9	205.7	116.5	114.7	109	28.2	107.4	94.8	204.6	206.6	51.7	14.6	137.1	5.2
652	-9999	127.7	136.9	126.8	139.8	183.3	177.1	98.6	162	156.7	87.9	91.9	64.9	129.2	165.8	109.8	198.7	128.9	142.4	137.5	129	69.3
653	-9999	302.1	414.9	452	708.4	374.9	542.9	499.6	701.3	437	377.6	613.2	303	320.2	305.1	508.4	426.6	545.2	288.3	86.2	563.1	62.3
654	-9999	214.1	225.3	263.3	331.7	227.3	300.7	203.7	107.3	138	292.7	396.8	388.3	408.3	222.2	215.9	160.7	129.5	208.6	354.5	246.9	88.1
655	-9999	74.7	61.3	22.4	156.9	191.9	199.8	164.6	105.6	97.5	188.7	278.2	46.2	204.5	173	214.2	167	255.2	327.5	209.2	204.1	392.5
656	-9999	286.5	244.6	200.2	425.8	161.8	513.1	173.5	156	180.3	173.5	154.6	49	284	116.6	131.7	160.7	159.7	307.5	104.9	381.4	109.5
657	-9999	89.7	49.1	64.3	41.2	151.9	96.1	125.3	178	89.5	58.7	122.6	89	120.3	101.9	215.1	95.8	185.9	202.2	168.2	293	348.3
658	-9999	12	9.5	0	1.7	64.7	1.2	0	23.6	0.6	32.3	18.4	17.8	1.1	4.3	78.7	12	15.6	25.6	3.4	60.5	295.8
659	-9999	91.3	127.3	108.5	76.3	49.6	35.9	34	12.5	32.9	5.1	16.6	21.4	34.7	32.8	5.7	34.6	10.7	22.2	23	13.5	43.8
660	-9999	60.6	69.5	64.6	41.6	54.6	58.2	31.7	53.6	37.2	41.1	47.5	46.5	58.7	61.7	50.9	58	50.2	60	83.8	31.9	40.5
661	-9999	67.6	64.3	73.1	82.2	73.4	55.9	96.8	72.3	61	56	59.8	60.4	62.9	83.1	61.8	64.5	53.5	71.6	49.2	24	17.6
662	-9999	45	86.2	44	29.1	4.8	40.9	19.1	18.7	18	2.5	1.2	7.8	25.4	15.1	55.4	14.8	15.9	58.5	31.2	62.1	5.2
663	-9999	75.6	110.2	72.7	70.2	31.4	27.2	46.6	17.3	34.5	17.9	20.3	11.3	26	20.6	18.5	42	10.1	36.4	19.5	17.5	12.9
664	-9999	109.2	163.5	80	86	83.8	116.4	125.3	123.6	173.7	153.2	65.6	143	26.3	54.4	85	63.5	61.1	58.6	64.7	61.3	22.3
665	-9999	570.5	682.6	923.3	1164	524.6	805.6	716.8	492.4	450.2	274.8	519	150	614.5	343.8	425.9	343.7	303.4	592.3	214	380.9	40.4
666	-9999	170.1	188.9	224.1	377	210.9	251.8	194.8	100.1	145.7	130.9	77.7	80.8	235.1	211.1	110.3	152.8	132.3	76.7	74.8	106.7	10.9
667	-9999	173.3	162.1	82.1	234.5	270.2	441.2	397	372.3	266	328.6	395.9	433.6	450.9	150.6	202.9	354.1	243.9	294.3	507.8	473.8	242.5
668	-9999	123.4	83.3	47.3	173.7	204.6	342.7	275	247.9	343.2	153.4	266.3	138.4	96.1	184.6	139.5	167	238	182.5	107.7	293.2	52
669	-9999	110.6	178.4	93.7	72.1	111.8	116.4	166.2	90.3	98	171	88.9	143.1	119.2	76	222.8	101.7	180.8	361.7	213.8	269.1	253.9
670	-9999	61.5	215.5	71.6	80.9	171.6	123	31.6	51.1	28.2	28.4	69.2	20.8	271.5	187.3	259	276.3	170.4	341	243.5	317.2	182.2
671	-9999	152.5	218.4	177.3	62.6	34.9	44.7	26.7	9.8	3.4	0	0	0.1	37.8	65.4	11.7	13.3	14	59.6	17.7	53.1	170.6
672	-9999	207.5	196.9	239.5	215.4	126.1	114.3	185.5	150.7	166.2	129.9	109.9	140.3	121.3	132.3	116.5	129.5	77.4	151.8	75.1	116.6	73.2
673	-9999	224.4	167.1	293	418.8	345.8	374	394.9	307.5	323.8	249.6	178.9	211.7	329.8	322	407.1	397.3	244.3	447.6	320.1	281.8	62.3
674	-9999	64.7	55.9	77.3	56.7	34.1	41.8	74.6	50	52.2	41.3	23.3	31	39.2	41.5	51.5	55.1	38.6	51.8	42.5	20.9	21.3
675	-9999	311.3	250.8	256	277.7	164	253.8	303.5	224.2	252.6	196.1	166.1	171.5	68.3	64.9	160.7	144.7	117.6	236.8	97.8	263.4	37.5
676	-9999	352.2	318.5	353.8	466.4	262.3	272.6	427.1	337.1	286.8	268.1	648.5	306.5	172.3	89.3	162.8	158.1	218.5	174	125.9	199.6	48.9
677	-9999	239.3	288.3	332.7	329.1	239.5	297.5	195.8	243.8	107.7	132.6	78.1	167.9	560.1	131.9	269.1	356.2	350	353.2	118.2	197.2	96.4
678	-9999	210.7	325.7	306.9	480.7	240.8	520.1	373.7	310.7	358	183.6	474.5	136	236.2	157.8	227.2	364.7	215.7	147	160.6	272.7	67.4
679	-9999	59.5	166	88.6	170.8	174.5	301.2	101.5	131.9	114.7	92.5	264.9	30.6	280	97.1	215.6	269	217.3	221.1	118	179.9	102
680	-9999	203.1	171.7	140.9	337.3	304.7	425.6	393.3	337.3	236	391	389.2	390.9	353.1	252	486.2	680.5	500.2	396.5	228.1	538.1	620.9
681	-9999	117.8	73.4	185	205.7	126.1	210.8	161.5	58.7	201.4	207.4	181.6	118.4	177.1	92.4	50.8	161.2	134.5	134.6	58.9	208	134
682	-9999	82.2	97.6	119.8	132.2	111.2	140.9	172.8	296.7	240.4	238	276.5	271.3	67.7	84.6	94.7	174.2	351.6	129.4	61.7	177.8	211.2
683	-9999	180.1	134.2	227	122.6	129.5	61.8	172.2	134	152	151.6	66.2	129.2	131.5	142.2	65.3	100.8	97.3	65.3	32	72.4	66.1
684	-9999	13.4	35.2	20.2	13.1	0	3.4	16.7	16.3	38.6	22.9	14.2	21.3	0.3	0	3.9	26.4	5	2.3	0.2	1.5	5.7
685	-9999	42.9	57.7	52.6	30.8	13.2	13.4	20.2	9.9	7.2	9.4	0.7	4	19.5	23.8	21	16.1	5	31	13.9	14.4	7.8
686	-9999	52	72.6	46.8	36.6	28.4	26.4	37.1	50.5	38.6	27.5	23.4	19.2	48.4	28.9	19.4	17.7	28.4	42.1	65.5	29.4	34.1
687	-9999	204.1	257.1	234.6	227	112.1	174.1	158.7	65.7	101.1	22.7	19.9	20.3	75.1	73.2	78.7	83.5	54.5	101.7	117.4	121.2	13.2
688	-9999	51.8	98	89.3	142.7	124	117.7	128.9	92.3	103.8	189.1	92.5	137.7	217.2	172.2	120.6	73	64.5	172.2	219.8	173.9	118.9
689	-9999	135.9	159.7	227	357.2	166.4	421.4	306.7	135.7	164.7	103.6	88.9	78.2	264.9	122.9	207.2	258.9	227.8	223.8	93.4	235.2	107.6
690	-9999	247.7	310.5	296.1	476.6	98.2	405.8	425.1	421	305.2	365	708.6	439.1	296.2	194.5	230.7	359.6	440.9	339	309.2	351.3	41.7
691	-9999	183	182	199.9	393.5	262.7	312	210.4	398	129.3	352.4	414.7	263.8	277.8	228.7	453.5	293.3	505.1	627.5	185.2	470.1	219.7
692	-9999	56.2	51.3	40.3	115.6	210.4	244.8	140.9	390.4	125.9	163.3	161.8	174.2	343.9	266	341.6	287	315	369.9	299.9	309.5	71.4
693	-9999	129.5	85.8	46.7	181.5	87.6	269.4	99.3	203.1	76.8	59	41.9	42.2	174.4	170.2	191.8	269.8	202.9	191.8	300.5	164.2	216.2
694	-9999	55.5	26.2	54.1	73.5	102.8	44.3	35.9	108.5	34.3	97.1	54	78.9	95.2	71.7	90	148.2	102.2	196.7	230.2	215.3	348.8
695	-9999	95.2	95.7	88.8	99.2	69.9	36.7	15.8	28.9	9.7	28.8	42.3	5.9	99.1	59.5	22.4	30.7	20.8	15.7	59.6	7.2	98.1
696	-9999	17.1	21	21	6	0.1	1.4	3	1.4	2	1.1	1.7	0.2	3.6	3.3	0.1	0	0	0.4	1.2	0.8	9.3
697	-9999	183.9	166.3	196	169.9	70.4	131.6	158.3	132.5	167.2	118.7	93	88.4	23.7	49	93.8	82.5	85.1	84	40.6	45.4	14.5
698	-9999	35.4	58	44	38.2	7.6	12.6	12.4	16.7	13.4	19.1	13.6	11.7	9.6	12.5	7.9	16	4.5	15.1	5	7.2	4.2
699	-9999	86.2	139.6	94.8	74.7	40.2	56	96.7	50.1	55.7	20.2	9.4	28.8	41.3	46.3	26.5	52.7	17	26.1	11.5	17	22.1
700	-9999	64	100.4	106	183.9	98.6	137.2	49.4	66.2	37.1	18.5	42.3	24.2	86.7	34.4	66.2	61.3	77.7	107.7	115.7	140.3	268.9
701	-9999	77.9	125.2	187.9	159	192.6	260.2	147.3	77.4	99.7	69.2	29.6	83.4	190	188.6	155	133.5	119.6	213.1	42.1	52	20.6
702	-9999	285.3	171.3	359.8	579.9	457.5	488.9	370	482	376.3	178.6	262.8	289.6	257.4	260.9	621.6	688.5	437.5	644.7	296	763.6	387.2
703	-9999	138	106.5	62.5	220	301.1	270.7	135.2	176.2	117.3	145.8	139.3	76.1	113.6	213.5	438.3	197.5	298.5	554.5	506	421.1	331.6
704	-9999	218.5	108.3	275.8	305.5	275.8	217.7	342.1	403.5	274.1	576.7	604.8	499.1	402	286.7	611.5	660.7	524.4	650.9	381.5	382.2	628.5
705	-9999	151.9	176	129.7	232.7	290.4	154.9	94.7	256.1	122.7	152.6	93.8	163.1	267.4	222.6	321.7	286.6	304.3	466.4	134.2	337.4	167.7
706	-9999	94.8	150.4	96.4	56.1	37.9	82.3	40.9	47.9	33.4	20.5	31.8	61.7	153.1	138.6	24.8	43.3	23.4	74.7	52.4	47.2	31.7
707	-9999	79.3	76.9	87.4	41.4	12.7	39.8	38.8	57.2	50.2	144.2	117	97.8	60.9	19.9	75.7	52.3	57.3	30.7	37.4	98.9	57.9
708	-9999	38.8	77.8	55.6	31	13.9	18.7	22.2	9.3	16.5	20	13.6	15.2	32.2	18.6	10.6	8.5	7.9	3	3.3	6.9	8.2
709	-9999	10.3	23.3	15.3	15.5	2.1	2	2.3	3.2	2.4	10.5	5.2	2	3.5	5.6	1	2.4	4.6	1.3	0	0	4
710	-9999	165.1	197.6	133.4	113.3	80.7	123.7	77.3	51.4	43.1	15.2	18.7	15.7	103	80	61.4	60.5	42.7	37.7	47.7	65.6	1.9
711	-9999	252	282.1	378	350.8	148.4	180.7	355.8	175.9	310.8	122.8	117.6	74	187.3	145.5	147.8	176.1	140.2	174.2	88.4	220.2	12.4
712	-9999	169.4	345.6	354.9	584.1	208.2	412.8	388.2	337.3	372.8	244.9	239.5	118.5	278.4	236.1	249	227.4	196.7	350.8	285.7	337.6	69.2
713	-9999	278.6	197.3	443.9	492	236.2	349.6	321.6	177.7	375.3	234.3	161	209.1	382.2	273.5	517.7	235	278.3	942.3	215.6	685.1	171.3
714	-9999	255.3	331.7	188.9	446.9	290.6	459.5	430.1	255.4	356.1	203.2	285.1	101.5	166.9	201.8	247.1	319.5	277.1	326.1	134.1	229.8	45
715	-9999	134.6	141.4	176.4	129.8	193.1	260.6	239.8	224.6	148.8	178.4	331.7	223.3	196.6	228.4	429.2	219	262.6	437.4	97.2	239.5	60.8
716	-9999	114.7	159.9	299.7	230.7	260.9	479.9	162.1	419.8	351.2	246.7	309.7	363	372.5	307.8	383.2	435.9	404.8	634.3	371.6	474.5	461.8
717	-9999	52.9	12.3	40.8	63.5	85.5	104.5	81.7	243	57.1	30.2	45.7	28.1	56.8	81.2	212.8	242	222	103.4	115.3	352.2	255.7
718	-9999	9.1	29.1	13.6	15.9	16.4	39.5	49	36.2	19.8	0	0.6	0.4	6.8	27.9	120.2	39.3	47	47.2	46.9	275.6	149.5
719	-9999	0.1	0	0.1	0	0	0	0	0	0	0	13	0	0	0	0	0	0.3	0	0.1	0	2.8
720	-9999	5.3	8.6	6.2	3.8	0.2	5.6	3.4	3.2	1.9	95.7	100.9	103.1	0	1.5	1.2	0.4	4.1	1.2	0.1	2.4	1
721	-9999	30.9	24.1	44.5	27.4	21.8	22.4	26.1	34.2	30.4	75	61.2	45.4	35.3	49.9	27.5	23.6	32.8	14.7	57.2	34.5	31.1
722	-9999	131.8	189.2	203.4	170.1	101.2	124.9	102.1	112	99.9	46.7	46	34.6	48	71.3	45.1	60.5	55.3	75.3	57.1	79.6	12.3
723	-9999	234.7	330.7	330	292.1	127.2	151.6	123.3	57.7	103.3	39.4	20.9	31.1	40	81.6	80.1	97.7	41	117.3	46.8	139.8	35.6
724	-9999	239.8	225.2	221.1	169.4	110.7	125.7	132.4	121.8	87.1	58.8	52.2	47.2	151.4	115.7	104	122.7	89.4	148	127	106.9	17.9
725	-9999	283.6	263.4	279.7	418.1	170.1	545.5	206.4	327.9	161.8	246.2	351.7	253.4	140.3	103.1	277.4	211.1	228.1	248.2	141.6	628.5	42.2
726	-9999	216.6	334.4	302	659.1	106	288.7	434.5	311.3	238.8	128.2	167.2	141	238	73.6	192.8	137.4	201.4	274.1	121.4	23	32.5
727	-9999	79.6	13.4	49.1	92.7	62.3	67.5	33.6	67.5	73.3	96.3	42.7	22.1	97.6	49.7	73.1	18.3	87.3	71.6	44.1	90.5	65.4
728	-9999	122.6	97.2	84.7	149.6	173.3	226.5	178.2	315.2	223.9	295.8	208.5	220	227.3	243.5	416	371.7	465.8	517.4	258	440.7	156.2
729	-9999	232.8	173.2	160.1	289.8	168.8	345	103.6	132.6	110.6	204.1	108.5	64.1	113.6	321.2	314.1	279.2	352.2	357.8	338.6	593.4	74.3
730	-9999	4.5	40.3	5.9	2.3	7.1	12.2	7.8	24.7	3	1.5	0.5	0.9	50.9	40.7	55.1	50.3	27.2	110.4	214	186.6	303.7
731	-9999	0.7	0.1	1.1	5.5	0.9	4.4	1.6	3.6	13.9	8.4	3.7	4.7	0	0.2	0.7	6.5	1.7	0.3	0.4	0.3	2.3
732	-9999	18.9	14.1	21.6	18.7	2.4	1.9	5.5	0.1	5	7.5	7.7	6.8	5.5	8.5	0.1	0	0	0	2.2	0	0
733	-9999	4.5	4.9	13.7	3.6	5.4	0.2	0	2.2	0.1	0.7	0	1.6	23.9	17.2	0.8	0.6	0	10.7	12	1.8	6.9
734	-9999	94.4	103.3	93.5	68.3	71.9	39.7	47	42.8	38.9	40.4	38.4	44.5	84.5	93.6	62.2	63.5	55.7	85	98.3	124.5	81.3
735	-9999	82.6	78.1	52.9	55.7	46.9	25.4	59.5	21.7	40.5	21.9	21.9	35.5	106.4	68.1	5.3	19.5	16.7	16.7	27.6	2.6	0.6
736	-9999	139.7	201.1	201.2	212.9	28.4	67.7	101.3	27.7	41.9	6.1	2.9	3.3	113.9	60.4	91.2	41.8	30.6	58.4	50.5	42.5	84.7
737	-9999	340	390.8	337.2	236.4	168.9	239	140.9	165.7	231.7	74.6	177.8	35	163	35.3	56.1	68.3	103.1	130.8	42.7	149.9	9.6
738	-9999	254.5	199.3	182.1	512.5	258.8	431.9	282.8	202.3	207.4	178.4	250.9	45.8	411.2	282.3	189.5	383.9	416.1	182.3	141.8	410.8	25.7
739	-9999	64.2	52.7	46.1	171.8	73.1	99.4	106.7	122.4	57	62.9	209.7	48.3	153.8	156.1	213.5	203.3	364.3	431.6	305.3	372.2	79.2
740	-9999	87.1	128.9	63.8	316.6	165.2	356.1	222	326.1	217.1	162	261.7	105.2	377.6	108.9	262.3	205.4	288.6	310.2	267.9	447.8	186.1
741	-9999	69.5	23.5	43.6	95.4	38.5	83.5	42	42.4	97	13.7	35.3	5.1	130.3	84.2	159.5	166	130.4	108.5	124.2	142.9	64.1
742	-9999	62.6	76	66.8	63	141.9	98.5	46.1	254.7	101.4	317.4	231.4	328.4	50.5	184.6	428.8	468.7	374.2	381.9	267.2	387.6	517.3
743	-9999	82.2	131.1	35.5	33.8	35.7	20.7	12.6	3.8	6.5	0.4	1	1.6	14.7	18.1	4.5	13.8	5.2	5.5	13.8	4.2	20.6
744	-9999	44.6	18.8	32.8	29.2	15.1	81	86	48.2	70.5	44	29.3	26	11.3	10.9	116.3	60.6	37.7	61.3	20.6	47.9	33.4
